eomf-prod/eomf/data/ecohealth/chdn.asc
ncols         992
nrows         717
xllcorner     68.144226
yllcorner     5.633471
cellsize      0.041667
NODATA_value  -9999
[rows 273 to 311 of 717, columns 176 to 263 of 992]
6 6 6 6 6 6 6 6.48 7.52 8 8 8 8 8 8 8 8 7.28 5.12 5 5 5 5 5 5 5 5 5 5 5 5 5.24 5 4.88 4.36 4 4 4 4.04 4.2 4.04 4 4 6.08 8 8 8 8 8 8 8 8 8 8 8 8 8 8 8 8 8 8 8 6.56 5 5 5 5 5 5 5 5 5 5 5 5 5 5 5 5 5 5 5 5 5 5 5 5.6
6 6 6 6 6 6 6 6.8 7.68 8 8 8 8 8 8 8 8 7.16 5.96 5 5 5 5 5 5 5 5 5 5 5 5 5 5 5 5 4.56 4.52 5 5 5 4.8 4 4.8 7.84 8 8 8 8 8 8 8 8 8 8 8 8 8 8 8 8 8 8 6.92 5.6 5 6.56 5.48 5 5 5 5 5 5 5 5 5 5 5 5 5 5 5 5 5 5 5 5 5
6.88 7.2 6.16 6.08 7.2 6 6.08 7.76 8 8 8 8 8 8 8 8 8 8 8 5.24 5 5 5 5 5 5 5 5 5 5 5 5 5 5 5 5 5 5 5 5 4.88 4 4 5.76 8 8 8 8 8 8 8 8 8 8 8 8 8 8 8 8 8 8 7.76 7.52 6.32 8 7.88 5.24 5 5 5 5 5 5 5 5 5 5 5 5 5 5 5 5 5 5 5 5
7.92 8 7.76 7.92 8 6.64 7.52 8 8 8 8 8 8 8 8 8 8 8 7.52 5.6 5 5 5 5 5 5 5 5 5 5 5 5 5 5 5 5 5 5 5 5 4.68 4 4 5.12 8 8 8 8 8 8 8 8 8 8 8 8 8 8 8 8 8 8 8 8 8 8 8 5.84 5 5 5 5 5 5 5 5 5 5 5 5 5 5 5 5 5 5 4.4 3.32
8 8 8 8 8 8 8 8 8 8 8 8 8 8 8 8 8 8 8 7.76 5 5 5 5 5 5 5 5 5 5 5 5 5 5 5 5 5 5 5 5 4.68 4 4 4.8 8 8 8 8 8 8 8 8 8 8 8 8 8 8 8 8 8 8 8 8 8 8 7.76 5.36 5 5 5 5 5 5 5 5 5 5 5 5 5 5 5 5 5 4.88 2.96 2
14.72 8.48 8 8 8 8 8 8 8 8 8 8 8 8 8 8 8 8 8 7.4 5.48 5 5 5 5 5 5 5 5 5 5 5 5 5 5 5 5 5 5 5 5 13.6 40.48 37.44 36.64 19.52 8 8 8 8 8 8 8 8 8 8 8 8 8 8 8 8 8 8 8 8 8 5.6 5 5 5 5 5 5 5 5 5 5 5 5 5 5 5 5 5 5 4.52 2.12
20 18.56 9.44 8 8 8 8 8 8 8 8 8 8 8 8 8 8 8 8 8 7.4 5 5 5 5 5 5 5 5 5 5 5 5 5 5 5 5 5 5 5 5 23 80 80 80 65.6 8 8 8 8 8 8 8 8 8 8 8 8 8 8 8 8 8 8 8 8 7.76 5.48 5 5 5 5 5 5 5 5 5 5 5 5 5 5 5 5 5 5 5 4.28
20 19.52 13.28 10.4 8.48 8 8 8 8 8 8 8 8 8 8 8 8 8 8 8 8 6.08 5 5 5 5 5 5 5 5 5 5 5 5 5 5 5 5 5 5 5 32 80 80 80 80 45.44 8 8 8 8 8 8 8 8 8 8 8 8 8 8 8 8 8 8 8 7.64 5.84 5 5 5 5 5 5 5 5 5 5 5 5 5 5 5 5 5 5 5 5
20 20 20 20 17.12 8.64 8 8 8 8 8 8 8 8 8 8 8 8 8 8 8 7.28 5 5 5 5 5 5 5 5 5 5 5 5 5 5 5 5 5 5 5 62 80 80 80 80 77.12 45.44 48.32 31.04 28.16 8 8 8 8 8 8 8 8 8 8 8 8 8 8 8 7.16 5.12 5 5 5 5 5 5 5 5 5 5 5 5 5 5 5 5 5 5 5 5
20 20 20 20 19.68 16 13.12 9.28 10.24 8 8 8 8 8 8 8 8 8 8 8 8 8 5.72 5 5 5 5 5 5 5 5 5 5 5 5 5 5 5 5 5 11 80 80 80 80 80 80 80 80 80 80 31.04 8 8 8 8 8 8 8 8 8 8 8 8 8 8 6.2 5 5 5 5 5 5 5 5 5 5 5 5 5 5 5 5 5 5 5 5 5
20 19.84 20 18.56 16 16 16 16 11.84 8 8 8 8 8 8 8 8 8 8 8 8 8 5.6 5 5 5 5 5 5 5 5 5 5 5 5 5 5 5 5 5 27.68 80 80 80 80 80 80 80 80 80 80 68.48 8 8 8 8 8 8 8 8 8 8 8 8 8 8 8 5.72 5 5 5 5 5 5 5 5 5 5 5 5 5 5 5 5 5 5 5 5
19.36 16 16.48 16.32 16 16 16 16 9.92 8 8 8 8 8 8 8 8 8 8 8 8 8 7.52 5 5 5 5 5 5 5 5 5 5 5 5 5 5 5 5 6.12 12 20.16 80 80 80 80 80 80 80 80 33.92 8 8 8 8 8 8 8 8 8 8 8 8 8 8 8 8 5.48 5 5 5 5 5 5 5 5 5 5 5 5 5 5 5 5 5 5 5 5
18.72 16 16 16 16 16 16 16 12.8 8 8 8 8 8 8 8 8 8 8 8 8 8 8 5.84 5 5 5 5 5 5 5 5 5 5 5 5 5 5 5 5 11.72 12 17.44 71.84 80 80 80 80 80 59.84 8 8 8 8 8 8 8 8 8 8 8 8 8 8 8 8 7.52 5 5 5 5 5 5 5 5 5 5 5 5 5 5 5 5 5 5 5 5 5
18.56 16 16 16 16 16 16 16 15.68 12.16 12.16 12.48 14.08 12.8 13.76 11.52 11.52 8 8 8 8 8 8 5.24 5.6 7.04 5.84 5.6 5 5 5 5 5 5 5 5 5 5 5 8.36 12 12 12 50.08 80 80 80 80 54.08 8 8 7.76 8 8 8 8 8 8 8 8 8 8 8 8 8 7.88 5.24 5 5 5 5 5 5 5 5 5 5 5 5 5 5 5 5 5 5 5 5 5
17.12 16 16 16 16 16 16 16 16 16 16 16 16 16 16 16 11.84 11.84 9.6 8 8 8 8 7.52 7.04 8 8 8 5.96 5 5 5 5 5.6 5.72 5.24 5 5 6.12 11.44 12 12 12 47.36 80 80 80 80 65.36 8 8 7.04 5.96 5.96 6.56 8 8 8 8 8 8 8 8 7.52 6.2 5.48 5 5 5 5 5 5 5 5 5 5 5 5 5 5 5 5 5 5 5 5 5 5
16 16 16 16 16 16 16 16 16 16 16 16 16 16 16 16 16 11.84 8.32 8 8 8 8 8 8 8 8 8 8 7.4 7.64 5.6 7.28 8 7.4 7.52 8 8.64 11.72 12 12 12 12 47.36 80 80 80 80 44 5 5.72 7.04 5 5 5 6.56 8 8 8 8 7.4 7.4 8 6.2 5 5 5 5 5 5 5 5 5 5 5 5 5 5 5 5 5 5 5 5 5 5 5 5
16 16 16 16 16 16 16 16 16 16 16 16 16 16 16 16 16 10.56 8 8 8 8 8 8 8 8 8 8 8 8 8 8 8 8 8 8 8 11.68 12 12 12 12 12 47.36 80 80 80 80 35 17 5 5 5 5 5 5 5.24 5.96 6.2 7.88 5.72 5 5.24 5 5 5 5 5 5 5 5 5 5 5 5 5 5 5 5 5 5 5 5 5 5 5 5 5
16 16 16 16 16 16 16 16 16 16 16 16 16 16 16 16 16 12.16 9.28 8 8 8 8 8 8 8 8 8 8 8 8 8 8 8 8 8 9.76 12 12 12 12 12 39.2 77.28 80 80 80 80 80 59 5 5 5 5 5 5 5 5 5 6.8 7.76 6.32 5 5 5 5 5 5 5 5 5 5 5 5 5 5 5 5 5 5 5 5 5 5 5 5 5 5
16 16 16 16 16 16 16 16 16 16 16 16 16 16 16 16 16 14.4 10.88 8 8 8 8 8 8 8 8 8 8 8 8 8 8 8 8 8 10.72 12 12 12 17.44 33.76 77.28 80 80 80 80 80 80 80 59 26 5 5 5 5 5 5 5 5.24 6.08 5.72 5 5 5 5 5 5 5 5 5 5 5 5 5 5 5 5 5 5 5 5 5 5 5 5 5 5
16 16 16 16 16 16 16 16 16 16 15.8 13.4 16 16 16 16 16 8.32 8 8 8 8 8 8 8 8 8 8 8 8 8 8 8 8 8 8 11.04 12 12 12 20.16 63.68 80 80 80 80 80 80 80 80 65 11 5 5 5 5 5 5 5 5 5 5 5 5 5 5 5 5 5 5 5 5 5 5 5 5 5 5 5 5 5 5 5 5 5 5 5 5
16 16 16 16 16 16 16 16 16 16 15 11.4 15 16 16 12.8 11.52 8 8 8 8 8 8 8 8 8 8 8 8 8 8 8 8 8 8 8.48 11.68 12 12 12 12 39.2 80 80 80 80 80 80 80 80 50 5 5 5 5 5 5 5 5 5 5 5 5 5 5 5 5 5 5 5 5 5 5 5 5 5 5 5 5 5 5 5 5 5 5 5 5 5
16 16 16 16 16 16 16 16 16 16 15.4 11.8 13.2 15.6 13.4 10.36 9.32 9.08 8.96 9.2 9.32 9.44 8.24 8 8 8 8 8 8 8 8 8 8 8 9.92 11.52 12 12 12 12 12 55.52 80 80 80 80 80 80 80 80 59 5 5 5 5 5 5 5 5 5 5 5 5 5 5 5 5 5 5 5 5 5 5 5 5 5 5 5 5 5.08 5.76 5.24 5.48 5.04 5 5 5 5
16 16 16 16 16 16 16 16 16 16 16 13 11.6 14.6 14.2 13.8 11 11 11 11 11 11 10.28 9.44 8.96 8 8 9.28 10.4 8.32 8.64 8 8 8 12 12 12 12 12 12 12 17.44 63.68 80 80 80 80 80 80 80 23 5 5 5 5 5 5 5 5 5 5 5 5 5 5 5 5 5 5 5 5 5 5 5 5 5 5 5 5 5.32 6 6 6 5.96 5.92 5.6 5.84 5.24
16 16 16 16 16 16 16 16 16 16 15.6 11.8 11 13.2 11 11 11 11 11 11 11 11 11 11 11 8.64 8 10.4 12 11.36 10.72 9.44 8 8 12 12 12 12 12 12 12 12 31.04 74.56 80 80 80 80 80 65 11 5 5 5 5 5 5 5 5 5 5 5 5 5 5 5 5 5 5 5 5 5 5 5 5 5 5 5 5 5.44 6 6 6 6 6 6 6 6
16 16 22.72 19.36 16 16 16 16 16 16 16 15 11.2 12.2 14.2 11 11 11 11 11 11 11 11 11.16 11.36 11.8 11.2 12 12 12 12 12 11.04 11.36 12 12 12 12 12 12 12 12 12 33.76 52.8 63.12 53 56 32 5 5 5 5 5 5 5 5 5 5 5 5 5 5 5 5 5 5 5 5 5 5 5 5 5 5 5 5 5 5 5.56 6 6 6 6 6 6 6 6
16 36.16 93.28 59.68 16 16 16 16 16 16 16 16 11.2 11.2 14.6 11.4 11 11 11 11 11 11 11 11.52 11.84 12 12 12 12 12 12 12 12 12 12 12 12 12 12 12 12 12 12 12 12 6.96 5 5 5 5 5 5 5 5 5 5 5 5 5 5 5 5 5 5 5 5 5 5 5 5 5 5 5 5 5 5 5 5.04 5.72 6 6 6 6 6 6 6 6 6
39.52 96.64 100 86.56 59.68 63.04 79.84 89.92 89.92 79.84 13.2 12.2 11 11 11 11 11 11 11 11 11 11 11 11.56 12 12 12 12 12 12 12 12 12 12 12 12 12 12 12 12 12 12 12 12 12 7.52 5 5 5 5 5 5 5 5 5 5 5 5 5 5 5 5 5 5 5 5 5 5 5 5 5 5.08 5.24 5.4 5.36 5.64 5.84 6 6 6 6 6 6 6 6 6 6 6
93.28 100 100 100 100 100 100 100 100 100 67.96 14.56 11 11 11 11 11 11 11 11 11 11 11 11.48 12 12 12 12 12 12 12 12 12 12 12 12 12 12 12 12 12 12 12 12 12 10.04 5.84 5 5 5 5 5 5 5 5 5 5 5 5 5 5 5 5 5 5 5 5 5 5 5 7.52 8.08 6.48 6 6 6 6 6 6 6 6 6 6 6 6 6 6 6
100 100 100 100 100 100 100 100 100 100 100 75.08 11 11 11 11 11 11 11 11 11 11 11 11.48 12 12 12 12 12 12 12 12 12 12 12 12 12 12 12 12 12 12 12 12 12 12 11.16 5 5 5 5 5 5 5 5 5 8.08 10.6 12 8.36 6.4 5 5 5 5 5 5 5 5 9.2 12 12 12 12 7.92 6 6 6 6 6 6 6 6 6 6 6 6 6
100 100 100 100 100 100 100 100 100 100 100 100 18.12 11 11 11 11 11 11 11 11 11 11 11.16 11.72 12 12 12 12 12 12 12 11.96 11.76 12 11.96 11.96 12 12 12 12 12 12 12 12 12 11.72 10.32 7.52 5 5 5 5 7.24 9.2 10.32 12 12 12 10.32 11.72 6.12 5 5 5.28 6.96 5 7.24 12 12 12 12 12 12 8.64 6 6 6 6 6 6 6 6 6 6 6 6 6
100 100 100 100 100 100 100 100 100 100 100 100 82.2 21.68 11 11 11 11 11 11 11 11 11 11 11.08 11.92 12 12 12 12 12 11.72 11.16 11 11.24 11.08 11.56 12 12 12 12 12 12 12 12 12 12 12 12 9.76 9.76 5.84 7.8 12 12 12 12 12 12 12 11.16 5 5 5.84 10.6 12 11.44 11.72 12 12 12 12 12 12 9.36 6 6 6 6 6 6 6 6 6 6 6 6 6
100 100 100 100 100 100 100 100 100 100 100 100 100 71.52 11 11 11 11 11 11 11 11 11 11 11 11.88 12 11.84 12 11.44 11.32 11.04 11 11 11 11 11.32 12 12 12 12 12 12 12 12 12 12 12 12 12 12 12 12 12 12 12 12 12 12 12 12 8.36 6.68 9.48 12 12 12 12 12 12 12 12 12 12 11.28 7.2 6 6 6 6 6 6 6 6 6 6 6 6
95.36 100 100 100 100 100 100 100 100 100 100 100 100 100 35.92 11 11 11 11 11 11 11 11 11 11 11 11.4 11.12 11.04 11 11 11 11 11 11 11 11.04 11.96 12 12 12 12 12 12 12 12 12 12 12 12 12 12 12 12 12 12 12 12 12 12 12 12 12 12 12 12 12 12 12 12 12 12 12 12 12 10.32 9.36 6.24 6 6 6 6 6 6 6 9.12 8.08 23.68
69.84 100 100 100 100 100 100 100 100 100 100 100 100 100 71.52 11 11 11 11 11 11 11 11 11 11 11 11 11 11 11 11 11 11 11 11 11 11 11.76 12 12 12 12 12 12 12 12 12 12 12 12 12 12 12 12 12 12 12 12 12 12 12 12 12 12 12 12 12 12 12 12 12 12 12 12 12 12 10.8 6 6 6 6 6 6 6 9.12 32 29.92 32
48.96 100 100 100 100 100 100 100 100 100 100 100 100 100 100 78.64 64.4 25.24 11 11 11 11 11 11 11 11 11 11 11 11 11 11 11 11 11 11 11 11.56 12 12 12 12 12 12 12 12 12 12 12 12 12 12 12 12 12 12 12 12 12 12 12 12 12 12 12 12 12 12 12 12 12 12 12 12 12 16.8 22 6 6 6 11.2 13.28 8.08 6 12.24 32 32 32
53.6 86.08 62.88 88.4 86.08 79.12 100 100 100 100 100 100 100 100 100 100 85.76 89.32 25.24 11 11 11 11 11 11 11 11 11 11 11 11 11 11 11 11 11 11 11 11.52 12 12 12 12 12 12 12 12 12 12 12 12 12 12 12 12 12 12 12 12 12 12 12 12 12 12 12 12 12 12 12 12 12 20 28.8 27.2 30.4 30.96 20.56 6 20.56 29.92 32 22.64 6 14.32 32 32 32
42 42 42 42 42 86.08 100 100 100 100 100 100 100 100 89.32 78.64 39.48 28.8 14.56 11 11 11 11 11 11 11 11 11 11 11 11 11 11 11 11 11 11 11 11.04 11.8 12 12 12 12 12 12 12 12 12 12 12 12 12 12 12 12 12 12 12 12 12 12 12 12 12 12 12 12 12 12 12 12 23.2 32 32 32 32 32 32 32 32 32 32 30.96 29.92 32 32 32
42 42 48.96 69.84 88.4 100 100 100 100 100 100 100 100 100 64.4 11 11 11 11 11 11 11 11 11 11 11 11 11 11 11 11 11 11 11 11 11 11 11 11 12.64 14 13.12 12.48 12 12 12 12 12 12 12 12 12 12 12 12 12 12 12 12 12 12 12 12 12 12 12 12 12 12 12 12 12 13.6 29.6 32 32 32 32 32 32 32 32 32 32 32 32 32 32
42 44.32 72.16 100 100 100 100 100 100 100 100 100 100 53.2 31.84 11 11 11 11 11 11 11 11 11 11 11 11 11 11 11 11 11 11 11 11 11 11 11.24 12.68 14 14 14 13.44 12 12 12 12 12 12 12 12 12 12 12 12 12 12 12 12 12 12 12 12 12 12 12 12 12 12 12 12 12 12 22.4 32 32 32 32 32 32 32 32 32 32 32 32 32 32
