eomf-prod/eomf/data/ecohealth/chdn.asc
ncols         992
nrows         717
xllcorner     68.144226
yllcorner     5.633471
cellsize      0.041667
NODATA_value  -9999
[rows 312 to 350 of 717, columns 880 to 967 of 992]
128.6 204.56 118.84 152.84 107.76 76.04 65.44 60 41.92 63.72 95.92 246.8 240.4 222.32 130.4 147.72 174 195 159.84 134 127.28 158.4 172 124 102 134.08 83.56 74 78.24 60.96 44 57.56 51.4 63.88 85.4 90 138.16 260.92 342.88 153.68 118.8 215.04 494.4 461 461 461 461 461 461 461 461 461 461 461 461 461 461 461 461 461 461 461 461 461 461 461 461 461 461 461 461 461 461 461 461 461 461 461 461 461 461 461 461 461 461 461 461 461
295.8 441.96 366.52 241.64 158 100.72 72.88 129.4 91 89.16 67 244.84 264.72 142.32 130.32 130.4 159.44 181.44 83.4 103.6 145.12 192.16 282.08 139.72 137.52 138.16 96.76 155.96 168.72 113.88 75.2 41 41 60.84 70.48 83.28 95.04 106.36 350.04 314.36 199.2 225.32 461 461 461 461 461 461 461 461 461 461 461 461 461 461 461 461 461 461 461 461 461 461 461 461 461 461 461 461 461 461 461 461 461 461 461 461 461 461 461 461 461 461 461 461 461 461
2031.88 627.64 333.32 287.48 181.4 150.72 106.12 156.76 146.72 161.92 142.6 138.4 194 134.72 82.28 123.2 120.8 124.56 108.72 126.4 126.6 165.6 221.32 137.64 236.8 228.56 234.72 165.72 92.72 52.08 47 44.36 46.28 98.84 98.12 65.12 76.32 97 249.28 266.88 271.96 390.76 452.12 461 461 461 461 461 461 461 461 461 461 461 461 461 461 461 461 461 461 461 461 461 461 461 461 461 461 461 461 461 461 461 461 461 461 461 461 461 461 461 461 461 461 461 461 461
496.72 664.2 346.56 271.76 128.08 152.28 171.8 305.08 350.4 169.76 176.8 235.16 296 332.92 122.8 94.4 114.8 92 190.16 216.84 112.56 99.68 105.84 209 239.92 261.28 240.24 108.08 66.08 59.72 47 49.88 58.52 74.52 104.2 94.84 85.48 136.36 184.12 301.36 428.76 362.44 428.88 461 461 461 461 461 461 461 461 461 461 461 461 461 461 461 461 461 461 461 461 461 461 461 461 461 461 461 461 461 461 461 461 461 461 461 461 461 461 461 461 461 461 461 461 461
215.52 447.6 263.52 275.04 127.92 76.52 183 302.12 436.36 274.76 179 187.4 248.72 159 114.04 54.84 86.96 96.8 187.24 142.4 110 81.28 68 152.64 213.68 213.56 180.28 107.92 90.32 89.6 108.52 93.2 67.52 73.56 85.88 136.84 157 154.16 561.84 556.68 501 145.68 84.24 92.96 299.96 461 461 461 461 461 461 461 461 461 461 461 461 461 461 461 461 461 461 461 461 461 461 461 461 461 461 461 461 461 461 461 461 461 461 461 461 461 461 461 461 461 461 461
304.16 393.76 501.32 268 213.2 163.64 183 115.8 298.84 365.56 212.2 172.32 127.32 165.96 151.08 81.16 53.36 102.32 166.56 136 105.4 87.2 60.32 158.84 428.6 488.48 220.44 168.92 73.36 70.8 140.24 176 222.12 283.88 127.52 115 153.76 144.4 312.52 1095.48 1130.72 494.4 93.16 94.52 171.56 461 461 461 461 461 461 461 461 461 461 461 461 461 461 461 461 461 461 461 461 461 461 461 461 461 461 461 461 461 461 461 461 461 461 461 461 461 461 461 461 461 461 461
408 298.28 394.04 507.72 362.2 376.92 202 103 323.32 429.88 312.52 276 278.88 285 285.12 97.8 56.4 98.24 183.52 255.6 180.92 96.04 52 148.12 386 561.56 168.4 164 105.64 65.84 145.72 240.56 290.04 199.2 101.32 127.36 138 126.32 426.76 635.4 656.6 349.88 174.04 152.16 140 409.64 461 461 461 461 461 461 461 461 461 461 461 461 461 461 461 461 461 461 461 461 461 461 461 461 461 461 461 461 461 461 461 461 461 461 461 461 461 461 461 461 461 461
362.12 273.84 280.88 440.2 562.8 486 467.8 215.6 467.32 526.84 517.6 575.8 532.56 334.4 345.4 183.96 107.68 136.88 194.8 310.44 292.92 60.92 52 190.16 434.8 340.12 130.84 39.24 31.4 65.92 159.32 188.28 213.68 170.72 64.16 79.36 110.16 102 145 593.96 383.88 289.28 309.08 231.84 217.68 448.16 461 461 461 461 461 461 461 461 461 461 461 461 461 461 461 461 461 461 461 461 461 461 461 461 461 461 461 461 461 461 461 461 461 461 461 461 461 461 461 461 461 461
440 294.8 278.52 368.24 487.2 509.68 467.6 413.04 393.16 835 797.4 828.72 524.56 370.76 214.8 162.8 127.88 134.24 199.6 264.12 412.36 119.44 138.88 314.12 444.88 315.76 151.08 75.96 90.2 137.88 255.12 167.64 117.6 122.88 67.52 67.84 78.88 102 105.84 253.6 210.04 214.16 238.64 166.4 162.4 403.2 461 461 461 461 461 461 461 461 461 461 461 461 461 461 461 461 461 461 461 461 461 461 461 461 461 461 461 461 461 461 461 461 461 461 461 461 461 461 461 461 461 461
643.48 392.2 299.64 363 367.92 765.24 649.2 446.92 426.84 616.76 900.68 1052.56 402.72 265.32 165.96 142.56 126 154.96 195.88 255.24 207.56 131.96 189.48 294.36 425.8 224 164.04 80.04 90.88 88.8 298 191.4 126.36 153.12 133.52 148.08 199.92 170.36 150 175.92 126.56 202.88 257.76 221.32 195.32 351.64 461 461 461 461 461 461 461 461 461 461 461 461 461 461 461 461 461 461 461 461 461 461 461 461 461 461 461 461 461 461 461 461 461 461 461 461 461 461 461 461 461 461
612.36 443.72 243.32 379.24 481 664.16 818.4 914.64 912.64 608.76 519.92 731.48 456.68 111 118.6 121.36 127.76 144.4 261.68 273.72 200 136.16 134.88 272.52 198.68 200.6 73.96 50.92 72.32 140.4 166.16 154.72 143.8 146.68 207.8 215.32 306.2 276.12 169.24 239.2 231.56 243.44 433.08 328.04 183.6 369.16 461 461 461 461 461 461 461 461 461 461 461 461 461 461 461 461 461 461 461 461 461 461 461 461 461 461 461 461 461 461 461 461 461 461 461 461 461 461 461 461 461 461
434.16 267.76 179 414.36 814.48 626.72 753.12 900.8 743.68 365.52 301.76 336.4 165.72 112.6 106.4 106 121.84 153.4 240.4 340.28 352.04 309.2 223.4 197.96 138 152.4 128.16 76.64 89 181.84 307.84 186.52 164.96 144.36 229.64 240.28 288.2 255.64 187 273.48 220.4 287.12 366.12 324.56 117.68 357.68 414.28 461 461 461 461 461 461 461 461 461 461 461 461 461 461 461 461 461 461 461 461 461 461 461 461 461 461 461 461 461 461 461 461 461 461 461 461 461 461 461 461 461
313.24 286.12 252.6 587.16 517.84 364.32 756.32 1260.92 709.76 540.24 496.84 288.6 121 115.8 106.6 94.2 82.88 143.24 212.8 250 413.64 464.88 299.48 190.08 166.4 148.32 209.28 145 94.6 118.32 219.76 140.88 135.72 86.2 115.16 184.76 290.6 419.56 327.28 255.84 215.04 321.16 321.04 358.72 267.32 417.72 174.625 278 384 352.28 419.56 461 461 461 461 461 461 461 461 461 461 461 461 461 461 461 461 461 461 461 461 461 461 461 461 461 461 461 461 461 461 461 461 461 461 461 461 461
442.44 384.32 390.84 437.48 466.24 371.2 707.28 1777.6 908.12 810.16 869.12 472.4 170.16 123.48 131.64 75 71.32 97.96 274.84 842 806.04 342.64 294 351.04 298.56 188.52 251.8 225.52 163.12 103.76 142.4 66 68.68 139 706.72 1014.28 1352.96 664 474.28 285.52 206.8 398.92 474.16 450.24 412.08 344.32 280.68 281.12 190.8 195.04 264.16 439.96 311.48 405.375 461 461 461 461 461 461 461 461 461 461 461 461 461 461 461 461 461 461 461 461 461 461 461 461 461 461 461 461 461 461 461 461 461 461
517 326.12 275.96 389.88 411.44 414.8 472.88 901.68 1036.56 715.4 436.76 256 243.52 206.92 193.4 116.52 74.36 203.2 679.6 1379.12 925.6 553.76 558.6 554.24 222.28 206.36 162.56 118.12 92 96.68 105 173.44 222.52 332.84 539.08 965.4 964.24 289.08 424.72 367.84 251.68 316.6 600.08 438.32 373.48 365.72 616.52 503.36 305.28 232.4 173.44 192.12 194 247.4 461 461 461 461 461 461 461 461 461 461 461 461 461 461 461 461 461 461 461 461 461 461 461 461 461 461 461 461 461 461 461 461 461 461
501.08 335.88 224.28 314.96 323.4 337.6 685.32 900.4 1444.8 1472.72 899.28 268.32 263.6 280.84 334 329 106.2 558.08 1050.12 1044.92 937.72 768.12 600.4 407.16 314.32 175.64 58 108.2 123.08 110.76 105.56 247.8 325.72 546.48 522.8 617.28 572.72 437.08 372.52 287.48 398.36 787.64 713.04 606.2 463.16 407.68 783.52 689.48 401.44 178.88 69.56 76.44 134.52 422.84 461 461 461 461 461 461 461 461 461 461 461 461 461 461 461 461 461 461 461 461 461 461 461 461 461 461 461 461 461 461 461 461 461 461
981.56 533.96 331 383.72 477.12 672.12 1113.16 986.92 1824.24 2349.92 1089.16 536.08 485.6 388 436.36 448.76 397.88 610.36 1126.4 738.24 839.68 640.32 587.12 356.52 282 58 58 169.32 147.8 119 178.84 316.2 516.28 527.72 422.04 635 405.6 231.2 265.76 259.24 357.28 487.72 544.52 452.76 391.48 385.44 501.32 570.2 479.84 258.24 176.2 59.24 125.2 361.16 425.48 461 461 461 461 461 461 461 461 461 461 461 461 461 461 461 461 461 461 461 461 461 461 461 461 461 461 461 461 461 461 461 461 461
977.44 694.88 575.56 520.8 693.6 670.44 1277.08 1042 1474.28 2798.84 1610.88 991.64 469.48 429.84 441.4 554.6 375.24 525.48 697.48 989.76 1238.8 909 611.92 475.88 282 263.12 300.08 273.24 275.32 304.52 405.72 349.4 335.04 271.16 353.44 411.64 331.2 222 208.56 220.08 462.4 497 303.08 251.72 301 301.92 399.6 366.08 592.96 558.4 574.84 534.92 470.24 229.32 212.6 307 461 461 461 461 461 461 461 461 461 461 461 461 461 461 461 461 461 461 461 461 461 461 461 461 461 461 461 461 461 461 461 461
1315.28 1216 924.72 980.4 535.2 546.4 1238.52 1168.48 1195.44 1305.04 1203.2 1178.92 937.96 703.48 898.04 418.28 474.44 817.64 797.88 1021.76 1210.48 1232.28 917.68 782.72 899.44 693.88 564.08 511.68 600.84 619 587.32 498.68 240.12 190.8 196.36 139 197.12 192.48 106 170.96 245.28 399 378.36 321.92 214.6 272.36 290.96 298.96 448.2 340.92 357.28 625.4 588.8 262.16 76.36 136.76 155.56 397.32 407.12 209.56 443.04 461 461 461 461 461 461 461 461 461 461 461 461 461 461 461 461 461 461 461 461 461 461 461 461 461 461 461
1075.72 1457.04 1195.56 1157.92 704.04 1304.16 1421.28 1640.28 2347.48 1350.84 726.24 985.44 835.08 910.84 633.32 519.4 772.64 1042.6 1297.2 941.48 835.44 1628.52 1593.96 1408.44 1379.36 1284 951.4 580.48 345.6 227 547 456.8 239.2 223.88 172.8 277.32 214.04 181 174.52 308.72 432.4 482.36 405.56 349.52 289.96 199.72 205.68 118.48 169.44 179.16 245.76 418.92 322.24 221.2 74.56 86.28 68.6 67.4 52.36 12 199.0833 461 461 461 461 461 461 461 461 461 461 461 461 461 461 461 461 461 461 461 461 461 461 461 461 461 461 461
487 822.6 1172.88 1380.56 1208.32 1217.56 1169.16 1194.64 2696.52 3029.68 1412.4 620.36 585.68 1018.68 686.8 523.44 734.4 718.32 995.92 1450.56 1267.08 1320.64 1815.16 1936.6 2142.2 1523.28 722.12 567.68 308.72 301.96 273.56 306.68 525.8 515.72 415.24 374.4 330.92 293 283.4 327 312.6 441.32 314.44 267.48 214.28 139.4 105.16 65.48 67.08 90.84 144.16 179.92 162.12 197.28 75.96 63 55.8 29.88 19.8 12 12 404.875 423.2 219.2 461 461 461 461 461 461 373.4 221.5833 248.84 350.5 461 461 461 461 461 461 461 461 461 461 461 461 461 461
562.76 637.8 1830.12 1493.36 1390.68 1792.6 1144.32 1240.12 1797.44 2815.96 1710.84 1280.68 858.64 433.44 753.6 643.8 518 363.6 612.56 1301.92 1113.84 971.44 1656.28 1557.64 1735.4 2020.2 1310.2 658.48 591.2 558.76 1068.04 964.8 839.44 510.28 430.28 362.72 349.72 348.76 290.28 292.12 352.2 504.28 192.2 253.64 461.4 201.08 101 68.44 67.4 78.12 87.04 172.44 146.12 81 80.28 63.72 52.92 27 22.8 15.52 14.24 338.6956 183.8 127.24 308.2 445.52 275.24 293.4 292.8 157.16 24.6 19 19 37.41667 443.32 461 461 461 461 461 461 461 461 461 461 -9999 461 461
303.4 484.2 1009.08 1448.12 1918.24 1767.44 1170.84 1430.8 1884.04 1957.56 2003.04 1815.96 1447.72 851.8 1102 1044.28 830.36 645.28 567.36 761.36 967.92 919.96 1416.96 2504.08 1326.04 1508.96 2243.92 1826.84 1142.76 935.12 1328.92 995.6 807.24 543.6 607.8 637 716.84 590 536.2 469.6 591.56 292.16 255.84 716.84 731.8 358.04 131.4 169.8 108.04 61.52 52 93.2 115.64 76.92 146.52 83.28 35.64 26.52 25.32 25.8 26 136.48 207.84 171.92 81.68 76.4 72.72 45.72 39.6 39 76.6 75.32 273.16 427.6 474.44 483.3333 461 461 461 461 461 -9999 461 461 461 -9999 461 461
467.44 567.28 706.92 724.24 1873.4 2003.24 2069.04 2307.68 2307.12 1920.84 2576.76 2737.76 2700.44 2447.88 1211 1430.6 1286.92 445 455.64 767.92 542.88 523.36 915.16 1707.28 2438.4 2243.48 4302.64 2855.24 2128.32 1185.84 1564.88 1367.04 1273.72 660.6 1177.88 878.52 935.24 986.4 888.48 539.6 522.24 250.56 335.08 458.8 585.6 242.8 213.88 168.28 166.96 70.64 55.36 57.76 63.52 68.08 81.84 57.24 32.36 26.68 21.64 22.8 25.6 31.08 149.4 198 98.52 56.88 57.36 42 41.4 78.76 199.08 139.3333 339.381 471.7143 583.3 486 568.8421 628.25 461 461 461 461 461 461 -9999 -9999 -9999 -9999
589.2 502.88 617.36 816.4 1472.36 2014.64 2807.72 3023.92 2665.36 2908.8 2547.4 2460.12 2558.04 3052.12 1442.92 2010.16 2092.56 1415.56 836.2 1239.72 313.6 769.44 1036.56 1528.96 1920 3039.16 4083.88 3257.36 2598.24 2530.48 2927.28 4731.52 3641.72 2750.8 1775.48 1437.28 1279.04 1081.88 884.32 670.72 482.88 533.28 896 782.56 260.28 50 50 50 50.08 50.48 62.96 64 105.28 194 45 43.72 29 29 23.56 21 32.28 26 89.16 95.96 84.6 49.2 45.24 52.48 110.48 364.8 469.6 833.5833 310.3333 478 619.9231 815.5 1091.875 113 113 -9999 -9999 461 -9999 -9999 -9999 -9999 -9999 -9999
416 356.96 565.04 1069.96 1597.4 2258.12 2482.56 3406.52 3023.16 3487.48 2774.56 2685.28 3515.32 3118.76 2869.32 3260.92 3742.4 2962.8 1991.48 1479.52 545.44 572.48 1168.96 2231.64 2147.16 2434.48 2378.28 2571.48 4836.88 5275.32 5759.4 4032.16 3548.88 6085.8 3080.44 2092.16 973.36 538 822.88 818.24 447.28 866.24 2173.92 1054.24 106.72 190.12 323.4 220.2 154.2 158 107.12 86.56 96.56 62.48 60.2 24.72 26.8 28.4 23.68 21 69.4 103.32 131.6 120.28 179.8 56.6 51 222.32 412.72 658.44 910.2381 -9999 -9999 -9999 688 730.5714 837 -9999 -9999 -9999 -9999 -9999 -9999 -9999 -9999 -9999 -9999 -9999
374 385.64 233 504.52 1316.44 1523.04 2132.88 2252.44 3423.12 2862.68 2979.28 3358.44 3331.48 3321.76 3009.68 4027.12 2825.76 3606.68 2978.72 1391.16 515.92 560.92 987.88 2249.4 2701.72 3721.52 2912.84 2978.96 5998.04 5807.56 5587.8 4656.4 3339.52 2181.64 2764.16 2175.32 1489.2 1251.92 1346.72 1011.88 2233.2 2762.8 2597.72 2789.52 2573.88 1018.4 986.28 958.76 509.32 412.2 166.28 158 94.08 64 62.16 18 21.84 25.64 26.4 33 64.36 142 137.52 171.36 191.92 151.8 183.04 306.2174 273.9048 294 432.8 -9999 -9999 150 260.2 163 163 -9999 -9999 -9999 -9999 -9999 -9999 -9999 -9999 -9999 -9999 -9999
289.76 344.64 170.88 143 714.24 1679.28 1524.84 2162.4 2857.6 3118.16 2535.64 3043.32 3161.48 3179.16 3188.4 4247.96 2911.8 3292.76 3594.96 2099.16 1038.44 577.84 571 1623.28 1941 3238.64 3595.88 4923.08 5172.6 5014.4 5240.92 5070.36 3648.16 2505.48 3265.64 3386.52 2340.32 2327.52 1841.24 1418.56 2862.6 3063.68 2549.08 1496.52 1808.92 1089.08 736.64 742.72 837.76 1003.12 434.96 131.72 103.24 62.8 49.68 32.92 32.2 27.32 29.12 50.48 113.48 145.28 187.92 221.12 261.12 306.2 518.92 302.3182 304 -9999 294 82 133 150 151.4444 163 -9999 -9999 -9999 -9999 -9999 -9999 -9999 -9999 -9999 -9999 -9999 -9999
338.24 252 234.56 159.32 571.4 1215.44 1320.2 1327.4 1803.68 1843.16 2607.68 2882.52 3058.04 3199.2 2935.88 2982.48 4219.76 3627.96 3164.08 1907.24 2212.96 1542.32 861.16 2351.56 2900.12 3232 4026.2 4587.84 4658.56 3844.04 3239.08 2838.84 2820.4 2701.96 3402.72 2776.68 2799.08 3348.08 1895.2 2117.76 1728.84 1931.72 1637.96 932.84 705.48 487.84 490.16 478.56 484.64 579.28 190.52 125 120.84 55.28 34 34.6 34.04 23.48 32.24 63.92 129.12 178.5455 373.4762 285.2 253.1739 206.5714 253.1739 337.5789 -9999 82 82 82 -9999 -9999 -9999 -9999 -9999 -9999 -9999 -9999 -9999 -9999 -9999 -9999 -9999 -9999 -9999 -9999
292.24 240.32 273.44 270.68 293 578.68 854.36 881.48 1265.6 1589.2 2576.96 3747.6 3051.6 2606.52 2343 4473.32 6184.16 3586.64 2787.72 1696.64 2181.24 2530.6 2408.88 3313.84 2693.88 3109.68 2468.4 3102.96 2950 3004.64 2725.2 2964.2 2941.08 3255.8 3303.08 2548.96 2269.28 1825.68 1909.2 1523 1258.28 812.24 1190.44 1068.32 888.28 384.68 244.28 245.16 325.52 242.76 244.08 251.92 42.68 20.44 27.92 34.12 29.68 28.88 53.92 61.36 92.4 157 297.3333 185 121 141.6667 139.2353 351 82 -9999 82 -9999 -9999 -9999 -9999 -9999 -9999 -9999 -9999 -9999 -9999 -9999 -9999 -9999 -9999 -9999 -9999 -9999
115.16 105.68 740.24 589.56 422.8 454.92 630.44 730.48 1072.84 1698.4 1822.6 3204.84 2584.12 2568.12 2114.48 5019.48 4494.12 4282.92 2710.72 2555.64 2924.24 2574.08 2516.32 3211.2 3131.48 2973.64 5075.44 3650.68 2968.2 3153.08 2834.56 2811.28 2691.64 2470.92 2879.16 2025.72 1467 1507.12 1604.48 1150.2 962.84 840.92 735.52 542.2 471 216.56 174.8 159.4 182.4 194 260.64 262.12 29.8 19.16 22.76 22.6 23.32 44.24 72 70.8 65.8 217.95 294 116 116 116 271 271 -9999 -9999 -9999 -9999 -9999 -9999 -9999 46 -9999 -9999 -9999 -9999 -9999 -9999 -9999 -9999 -9999 -9999 -9999 -9999
99.56 104.72 543.52 398.04 472.2 838.68 801.72 1159.24 1456.24 1760.4 3501.2 2930.96 3508.88 2272.92 2764.4 3161.04 3652.92 3264.4 2556.04 4730.24 3051.52 2490.68 2760.92 4114.08 4772.6 6655.36 6737.44 4743.52 2909.16 2714.36 2616.96 2628.76 2636.16 2143.76 3071.52 2802.32 1959.84 1946.52 969.56 931.84 540.68 565.68 491.76 467.28 388.36 140 140 139.16 125.2 154.8 203.52 122.68 43 36.04 39.64 15 15 53.76 68.2 59.08 114.16 214.8 244.3846 116 101.8333 39.94737 31 -9999 31 -9999 -9999 -9999 -9999 -9999 -9999 -9999 -9999 -9999 -9999 -9999 -9999 -9999 -9999 -9999 -9999 -9999 -9999 -9999
49.2 42.32 95.12 83.2 142 672 760.16 1044.6 1076.2 786.6 3012.2 3267.08 2755.84 3053.4 2379.56 2894.28 3419.96 5623.36 4511.92 3130.2 2692 2354.76 2472.48 5130.64 5255.8 5974.04 4640.12 4653.12 3142.4 2915.88 3174.08 2331.64 2684.52 2534.8 2645.48 1763.72 2222.96 1840.32 1623.52 1675.64 593.36 426 697.32 463.44 100 130.76 149.28 79.64 59.2 54 53.76 49.2 45.88 44.8 44 30.16 29.32 65.12 52.2 53 125.92 150 207.5714 168.48 59.29167 31 31 -9999 31 -9999 -9999 -9999 -9999 46 -9999 -9999 -9999 -9999 -9999 -9999 -9999 -9999 -9999 -9999 -9999 -9999 -9999 -9999
37 31.6 33.92 116.24 196 205.2 369.76 699.32 952.72 887.8 1349.04 2809.12 2466.2 2300.4 2433.16 2033 5093.52 6356.16 5121.52 4396.32 4892.08 3018.24 2458.84 4064.12 3819.44 5532.76 3229.68 4332.76 4222.72 3779.48 2510.36 2244.44 3119.04 2488.32 3116.6 2265.4 2746.04 2281.8 2330.24 2095.08 2849.88 1609.16 958.48 408.24 196 176.2 153 57 87.08 105.84 93.52 59.6 52 52 77.44 80.64 45.92 29 51.2 53 154.32 172 307.4762 281.5909 166.6667 31 31 26 -9999 -9999 -9999 -9999 311 -9999 -9999 -9999 -9999 -9999 -9999 -9999 -9999 -9999 -9999 -9999 -9999 -9999 -9999 -9999
37 14.72 65.68 169.48 226.44 161.92 179.12 411.08 390.96 741.28 1325.44 2140.32 1733.76 761.2 1273.52 2149.24 4455.24 3482.2 5347.28 4296.48 5687.04 5756.36 1359.08 1072.56 405.24 2595.96 2906.64 2650.24 3449.68 3228.84 2717.4 3613.52 3498.76 3327.28 3520.52 3435.56 3525.64 2774.4 2344.32 2629.92 2522.96 2486.2 1575.32 1637.28 578.48 890 650.52 112.2 114.56 160.24 137.2 179.88 282.72 263.64 153.76 131.76 53.44 67.28 116 58.04 53 242.875 356.2667 438 31 31 26 26 -9999 -9999 -9999 311 -9999 46 -9999 -9999 -9999 -9999 -9999 -9999 -9999 -9999 -9999 -9999 -9999 -9999 -9999 -9999
41.2 43.8 34.12 127.32 110.56 194.2 218 335.6 354.12 642.6 1221.68 1695.32 958.56 808.56 575.32 1360.52 2810.16 3999 3967.44 3023.4 3898.76 4304.52 2469.4 603.16 0.4 850.24 2411.04 2806.48 3924.4 3263.48 3691.88 4088.28 2725.12 3442.08 3435.16 3673.4 3965.24 2895.8 3326.76 3016.16 2900.48 2669.32 1635.88 1591.8 1095.32 879.52 417.48 333.96 465.6 473.04 176.04 327.36 674.875 1072 158 102.7 35.81818 69.52 107.84 87.88 30.04 76.57143 -9999 438 26.8 24.54545 26 -9999 -9999 -9999 311 311 46 46 -9999 -9999 -9999 -9999 -9999 -9999 -9999 -9999 -9999 -9999 -9999 -9999 -9999 -9999
40.84 62 119.84 128.92 101.08 115 80.2 69.88 57 394.56 629.76 691.56 1006.28 425.56 504.8 1125.44 1707.84 2774 2677.2 2345.32 2780.8 3328.28 3712.6 1197.84 621.28 1599.2 2757.36 3390.88 5154.8 4669.24 4243.76 3819.64 3247.04 3319.8 3863.92 3331.76 3796.96 6244.68 3717.6 4029.76 3328.04 2845.52 2320.48 3102.44 1776.56 1192.08 641.6818 1169.095 1248.36 601.2 282.4 408.04 516.0909 472.7857 135.2 17.92 93.48 64 48 16.4 29.8 -9999 24 24 24.1 25.57143 26 -9999 -9999 -9999 323.0833 193 46 -9999 -9999 -9999 -9999 -9999 -9999 -9999 -9999 -9999 -9999 -9999 -9999 -9999 -9999 -9999
103.16 217.76 224.36 78.04 58.6 80.84 88.52 74.92 74.92 237.52 260.28 285.2 815.08 496.88 342.08 1003.84 1587.68 2516.76 2862.96 2608.48 2834.44 4757.08 3995.64 3570.76 2016.68 1439.28 2872.92 4456.76 5896.72 4364.16 5104.8 5072.92 3504.84 3934.92 4429.68 3705.12 1524.44 4210.6 3307.08 3119.56 2811 3081.44 2245.44 2713.36 2142.36 2574.52 2154.32 1969.15 1365.84 636.32 314.1739 343.8571 163.75 121 74.57143 27.33333 77.55556 77.5 32 0 50 170.5714 24 24 21.95833 26 -9999 -9999 -9999 -9999 340 -9999 -9999 -9999 -9999 -9999 -9999 -9999 -9999 -9999 -9999 -9999 -9999 -9999 -9999 -9999 -9999 -9999
142.2 196.16 240.76 146.28 67 81.32 104.76 99.64 96.84 199.84 353.16 238.44 585.8 389.08 696.52 1387.56 2179.04 2318.2 2955.16 3223.6 3893.68 3361.88 8871.84 3096.48 3148.12 2945.32 3578.76 5448.64 4323.12 5170 5007.56 4698.44 3288.6 3782.4 4297.44 3862.8 4388.24 2822.12 3588.44 3170.68 2788.16 3090.24 3542.12 2525.04 2044.12 2326.5 3006.87 1169.682 1050.84 449.375 322 161 0 0 -9999 74 74 74 -9999 50 44 27.75 19.8 17 17 17 -9999 -9999 -9999 -9999 -9999 -9999 -9999 -9999 -9999 -9999 -9999 -9999 -9999 -9999 -9999 -9999 -9999 -9999 -9999 -9999 -9999 -9999
