eomf-prod/eomf/data/ecohealth/chdn.asc
ncols         992
nrows         717
xllcorner     68.144226
yllcorner     5.633471
cellsize      0.041667
NODATA_value  -9999
[rows 351 to 389 of 717, columns 704 to 791 of 992]
42 42 42 42 42 42 42 42 42 42 42 42 42 42 42 42 42 42 42 42 42 42 42 42 28.36 11 11 11 11 11 11 11 11 11 11 11 11 11 11 11 11 11 11 11 11 11 11 19.4 44.6 46 46 46 46 46 46 46 46 46 46 46 46 43.76 39.28 38 38 38 38 38 38 38 38 38 38 38.96 38.24 53.72 51.4 44 44 44 44 44 44 44 44 44 44 44
42 42 42 42 42 42 42 42 42 42 42 42 42 42 42 42 42 42 42 42 42 42 42 42 29.6 11 11 11 11 11 11 11 11 11 11 11 11 11 11 11 11 11 11 11 11 11 11 11 32 44.6 40.4 44.6 46 46 46 46 46 46 46 41.52 38.64 38 38 38 38 38 38 38 38 67.91304 75.3913 70.25 60.52381 61.45454 73.52174 81 81 72.12 60.28 45.48 44 44 44 44 44 44 44 44
42 42 42 42 42 42 42 42 42 42 42 42 42 42 42 42 42 42 42 42 42 42 42 42 30.84 11 11 11 11 11 11 11 11 11 11 11 11 11 11 11 11 11 11 11 11 11 11 11 11 15.2 13.8 20.8 44.72 40.88 39.6 40.24 43.12 46 46 40.24 38 38 38 38 38 38 38 55.59091 73.52174 81 81 81 81 81 81 81 81 81 81 79.52 67.68 45.48 44 44 44 44 44 44
42 42 42 42 42 42 42 42 42 42 42 42 42 42 42 42 42 42 42 42 42 42 42 42 39.52 12.24 11 11 11 11 11 11 11 11 11 11 11 11 11 11 11 11 11 11 11 11 11 11 11 11 11 20.72 38 38 38 38 38 39.28 42.48 38.32 38 38 38 38 38 38 59.5 81 81 81 81 81 81 81 81 81 81 81 81 81 81 66.2 44 44 44 44 44 44
42 42 42 42 42 42 42 42 42 42 42 42 42 42 42 42 42 42 42 42 42 42 42 42 42 28.36 11 11 11 11 11 11 11 11 11 11 11 11 11 11 11 11 11 11 11 11 11 11 11 11 26.12 38 38 38 38 38 38 38 38 38 38 38 38 38 38 51.08696 81 81 81 81 81 81 81 81 81 81 81 81 81 81 81 81 51.4 44 44 44 44 44
42 42 42 42 42 42 42 42 42 42 42 42 42 42 42 42 42 42 42 42 42 42 42 42 42 40.76 14.72 11 11 11 11 11 11 11 11 11 11 11 11 11 11 11 11 11 11 11 11 11 11 11 21.8 38 38 38 38 38 38 38 38 38 38 38 38 38 38 77.41666 81 81 81 81 81 81 81 81 81 81 81 81 81 81 81 81 69.16 44 44 44 44 44
42 42 42 42 42 42 42 42 42 42 42 42 42 42 42 42 42 42 42 42 42 42 42 42 42 42 33.32 11 11 11 11 11 11 11 11 11 11 11 11 11 11 11 11 11 11 11 11 11 11 11 11 18.56 38 38 38 38 38 38 38 38 38 38 38 38 51.08696 81 81 81 81 81 81 81 81 81 81 81 81 81 81 81 81 81 78.04 46.96 44 44 44 44
42 42 42 42 42 42 42 42 42 42 42 42 42 42 42 42 42 42 42 42 42 42 42 42 42 42 42 12.24 11 11 11 11 11 11 11 11 11 11 11 11 11 11 11 11 11 11 11 11 11 11 11 11 14.24 27.2 38 38 38 38 38 38 38 38 38 38 64.61905 81 81 81 81 81 81 81 81 81 81 81 81 81 81 81 81 81 81 57.32 44 44 44 44
42 42 42 42 42 42 42 42 42 42 42 42 42 42 42 42 42 42 42 42 42 42 42 42 42 42 42 23.4 11 11 11 11 11 11 11 11 11 11 11 11 11 11 11 11 11 11 11 11 11 11 11 11 11 11 33.68 38 38 38 38 38 38 38 38 38 79.13043 81 81 81 81 81 81 81 81 81 81 81 81 81 81 81 81 81 81 75.08 45.48 44 44 44
42 42 42 42 42 42 42 42 42 42 42 42 42 42 42 42 42 42 42 42 42 42 42 42 42 42 42 38.28 13.48 11 11 11 11 11 11 11 11 11 11 11 11 11 11 11 11 11 11 11 11 11 11 11 11 18.56 38 38 38 38 38 38 38 38 38 41.90909 81 81 81 81 81 81 81 81 81 81 81 81 81 81 81 81 81 81 81 81 61.76 44 44 44
42 42 42 42 42 42 42 42 42 42 42 42 42 42 42 42 42 42 42 42 42 42 42 42 42 42 42 42 18.44 11 11 11 11 11 11 11 11 11 11 11 11 11 11 11 11 11 11 11 11 11 11 11 11 12.08 33.68 38 38 235.52 275.75 590 113.1304 38 38 54.38095 81 81 81 81 81 81 81 81 81 81 81 81 81 81 81 81 81 81 81 81 81 61.76 44 44
42 42 42 42 42 42 42 42 42 42 42 42 42 42 42 42 42 42 42 42 42 42 42 42 42 42 42 42 13.48 11 11 11 11 11 11 11 11 11 11 11 11 11 11 11 11 11 11 35 29 11 11 11 11 11 29.36 38 103.68 404.6 634.68 763.88 675.28 206.56 43.54167 62.30435 81 81 91.4 108.04 101.8 81 81 81 81 81 81 81 81 81 81 81 81 81 81 81 81 81 72.12 54.36
42 42 42 42 42 42 42 42 42 42 42 42 42 42 42 42 42 42 42 42 42 42 42 42 42 42 42 42 13.48 11 11 11 11 11 11 11 11 11 11 11 11 11 11 11 11 11 11 47 136 98.5 43.8 16.36 16.36 16.36 58.6 38 261.36 306 474.24 810.12 629.92 321.28 133.8333 81 81 81 229 155.8 133 99.72 81 81 81 81 81 81 81 81 81 81 81 81 81 81 81 81 81 81
42 42 42 42 42 42 42 42 42 42 42 42 42 42 42 42 42 42 42 42 42 42 42 42 42 42 42 42 27.12 11 11 11 11 11 11 11 11 11 11 11 11 11 11 11 11 11 11 11 65 161 148.84 145 112.84 118.2 157.2 206 474.2 445 563.8 819.32 543.2 421.64 171 81 79.44 136.48 323 323 145 106.3478 81 81 81 81 81 81 81 81 81 81 81 81 81 81 81 81 81 81
42 42 42 42 42 42 42 42 42 42 42 42 42 42 42 42 42 42 42 42 42 42 42 42 42 42 42 42 42 20.92 11 11 11 11 11 11 11 11 11 11 11 11 11 11 11 11 11 11 29 161 158.44 151.4 145.64 145 145 282 443.64 699.32 713.52 1053.76 743 797.16 618.6667 81 77.36 68 98.6 187.8 106 106 89.33334 81 81 81 81 81 81 81 81 81 81 81 81 81 81 81 81 81
42 42 42 42 42 42 42 42 42 42 42 42 42 42 42 42 42 42 42 42 42 42 42 42 42 42 42 42 42 17.2 11 11 11 11 11 11 11 11 11 11 11 11 11 11 11 11 11 11 11 108.8261 161 161 156.52 154.6 268.52 426.8 560.04 593.84 504.24 964.16 927.6 1194.88 1460.28 385.4 109.76 68 68 87.76 152.4 222 150.4 87 81 81 81 81 81 81 81 81 81 81 81 81 81 81 81 81
42 42 42 42 42 42 42 42 42 42 42 42 42 42 42 42 42 42 42 42 42 42 42 42 42 42 42 42 40.76 14.72 11 11 11 11 11 11 11 11 11 11 11 11 11 11 11 11 11 11 11 29.4 130.2 135.8 155.4 161 253.64 370.76 368.84 429.16 452.84 452.56 330.2 337.04 337.72 247.76 164.52 68 68 94.24 371.6 381.36 372.8 230 97.56 83.52 83.52 81 81 81 81 81 81 81 81 81 81 81 81 81
42 42 42 42 42 42 42 42 42 42 42 42 42 42 42 42 42 42 42 42 42 42 42 42 42 42 34.56 28.36 12.24 11 11 11 11 11 11 11 11 11 11 11 11 11 11 11 11 11 11 11 52.8 91.79166 91 103.96 210.44 185.56 193.8 258.44 256.24 164.44 385.2 330.64 288 290.88 304.96 314.08 227.64 68 77.12 166.88 274 274 274 258.6 196.7727 126.36 102.913 81 81 81 81 81 81 81 81 81 81 81 81 81.6
42 42 42 42 42 42 42 42 42 42 42 42 42 42 42 42 42 42 42 42 42 42 42 42 39.52 17.2 11 11 11 11 11 11 11 11 11 11 11 11 18.75 59 115 110.84 590.2 132.44 11 11 34.16 88.2 160.88 167.84 104.56 134.2 253 253 209.4 187.6 189.52 223.76 247.76 289.92 268.32 295.68 306 377.2 395.52 82.24 163.76 200.4 185.68 206.56 220.32 228.56 195 144 91.5 81 81 81 81 81 81 81 81 81 81 81 81.6 92.4
42 42 42 42 42 42 42 42 42 42 42 42 42 42 42 42 42 42 42 42 42 42 42 42 29.6 11 11 11 11 11 11 11 11 11 11 11 11 13.48 46.08 84.28 115 115 768.76 750.5 178.08 196.28 188.6 197.4 138.36 91 92.44 125.56 152.2 137.08 134.48 168.2 226.44 231.2 280.64 277.52 194.32 229.68 271.44 256.32 297.36 217.2 182 182 182 193.16 210.8 179.96 172.28 148.8696 83.54166 81 81 81 81 81 81 81 81 81 81 82.8 92.4 96
42 42 42 42 42 42 42 42 42 42 42 42 42 42 42 42 42 42 42 42 42 42 42 42 42 13.48 11 11 11 11 11 11 11 11 11 11 11 22.16 42 83 107.32 115 223.96 959.04 361.32 157.8 149 144.2 105.48 63.92 75.24 114.36 127 127 127 183.64 164.92 102 290 328.72 186 211.68 268.68 253.64 240.8 187.6 182 192.24 233.2 216.88 164 129.44 117.2 127.8333 112.72 81 81 81 81 81 81 81 81 81 84 94.2 96 96
42 42 42 42 42 42 42 42 42 42 42 42 42 42 42 42 42 42 42 42 42 42 42 42 37.04 11 11 11 11 11 11 11 11 11 11 11 11 27.12 42 71.52 83 152.12 138.8 388.92 183.96 149 149 121.8 99.24 50.44 48 69.12 131.32 127 127 141.16 239.28 200.08 461.04 499.44 275.88 293 293 259.64 256.8 250.88 219.44 208.96 322.32 276.56 68.56 56 56 115.8261 110.28 81 81 81 81 81 81 81 81 84.6 95.4 96 96 96
42 42 42 42 42 42 42 42 42 42 42 42 42 42 42 42 42 42 42 42 42 42 42 42 35.8 11 11 11 11 11 11 11 11 11 11 11 11 28.36 42 48.56 58.4 271.16 450.56 491.08 132.04 149 129.8 109 109 72.4 48 48 129.48 144.28 134.2 207.56 400.72 441.24 649.12 747.24 383.6 308.52 273.32 244 257.48 266.88 266.16 449.52 618 313.44 56 56 56 138.56 105.4 81 81 81 81 81 81 81 84.6 95.4 96 96 96 96
85.2 56.4 42 42 42 42 42 42 42 42 42 42 42 42 42 42 42 42 42 42 42 42 42 42 40.76 14.72 11 11 11 11 11 11 11 11 11 11 11 85.08 102.8 80 224.08 457.6 267.52 121.32 96 106.04 112.2 109 109 106.56 65.08 64.2 126.4 132.84 138.6 301.48 554.68 631 911.08 548.84 356.12 275 270.04 244 251.2 264.12 386.64 603.96 573.04 78.48 56 56 69.76 142 105.4 81 81 81 81 81 81 81.6 94.2 96 96 96 96 96
162 94.8 42 42 42 42 42 42 42 42 42 42 42 42 42 42 42 42 42 42 42 42 42 42 42 34.56 12.24 11 11 11 11 11 11 11 11 11 11 98.12 196 232 201.6 332.12 399.16 298.56 121.32 97.04 107.44 109 109 109 72.4 68.36 136.4 129 334.12 676.84 759.72 882.44 985.48 569.12 302.6 275 262.6 244.8 257.6 320.08 481.96 477 290.84 73.16 58.64 75.54546 128.24 142 107.84 81 81 81 95.64 139.56 142 139.56 127.28 127.28 125.44 110.72 105.2 105.2
162 162 109.2 42 42 42 42 42 42 42 42 42 42 37.44 38.2 42 42 42 42 42 42 42 42 42 42 42 22.16 11 11 11 11 11 19.88 11 11 11 11 125.88 132 164 236.6 115 115 168.76 171.12 141.84 208.16 109 109 109 69.96 122.48 291.8 444.52 838.12 790.96 785.4 566.44 421 392.48 391.24 379.96 288.08 255.2 300.72 488.48 508 436.64 104.52 89 89 130.4783 142 142 124.92 81 81 85.88 139.56 142 142 142 142 142 142 142 142 142
162 162 70.8 42 42 42 42 42 42 42 42 42 42 30.6 24.52 29.84 33.73913 42 42 42 42 42 42 42 42 42 34.56 12.24 11 15.44 15.44 24.32 45.04 40.6 24.32 19.22222 49.13636 192.52 164.04 610.2 569.2 305.52 118.36 115 115 329 463.24 138.52 109 109 97.88 94.76 311.48 474.6 526.76 619.76 639.52 421 421 421 406.12 351.92 254 254 353 452.68 381 105.76 89 89 113.0909 142 142 142 142 107.84 83.44 127.36 142 142 142 142 142 142 142 142 142 142
162 162 70.8 42 42 42 42 42 42 42 42 42 42 28.32 23 23 23 37.12 41.72 42 42 42 42 42 43.12 42 42 30.36 41.625 48 48 48 48 48 48 48 48 186.4 221 218.48 313.08 157.92 129 128.44 134 434.44 478 168.04 109 109 129.4 286.28 402 427.44 454.6 274.48 269.6 296.2 421 398.92 344.64 440.32 333.56 280.52 372.52 306.96 238.4 89 89 93.32 164.3 142 142 142 142 142 142 142 142 142 142 142 142 142 142 142 142 142
162 162 157.2 70.8 46.8 42 46.8 42 42 42 42 42 42 27.56 23 23 25.88 35 39.375 38.92 44.24 47.44 41.12 34.8 66.64 57.68 62.56 55.6 52 51.36 50.08 48 48 48 48 48 48 106.48 181.32 165.56 158 158 149.88 133.16 119 420.56 478 478 306.88 136.6 139 164.32 414.56 370.4 397.36 226 226 248.44 321.64 283 295.72 401.92 410.04 466.88 417.08 299.48 356.8 361.64 246.92 175.4 197 144.2917 142 142 142 142 142 142 142 142 142 142 142 142 142 142 142 142
162 162 162 162 152.4 138 138 123.6 104.4 51.6 42 42 37 28.64 23 23 27.8 35 35 34.48 35.28 46.16 33.2 22 58 70 70 70 63.52 52.88 51.52 48.8 48 48 48 48 48 48 118.04 158 158 158 151.76 119 119 190.8 391.84 478 449.72 182.2 139 267.88 342.96 324 523.36 516.56 244.64 281.72 283 280.36 274.2 272 272 283.16 345.72 295.24 365.88 410.6 218.12 238.16 153.68 141.5833 142 142 142 142 142 142 142 142 142 142 137.92 142 142 142 142 142
162 162 162 162 162 162 162 162 162 51.6 42.8 41.36 18 18 21.6 23 30.2 35 35 34.6 34 40.4 46.4 20 20 53 66 66 54 45 46.68 51.08 52.68 50.88 50.16 48 47.52 46.92 63.08 144.44 158 158 158 128.36 119 119 119 176.44 286 372.48 288.76 370.32 370.2 407.76 654.88 670.88 403.08 454.16 475.28 378.92 268.56 247.92 376.28 346.48 306.4 348.96 411.24 456.2 442.04 257.32 140 140.24 141.84 142 142 142 142 142 142 142 142 109.36 40 43.625 37 41.375 107 142
162 162 162 162 162 162 162 162 162 74.8 61.2 49.68 18 18 18.8 25.88 55.76 39.72 35 34.28 34.64 45.52 50 21.2 20 29 45 45 45 45 45 46.92 57 57 57 55.92 54.12 45.48 45 65.84 95.36 95.36 109.28 159.8 378.6 473.92 492.6 380.52 406.6 436.4 428.92 300.96 198 347.4 1064.48 2669.44 3967.8 1553.8 752.36 465.6 409.32 229 289.24 415.92 506.92 553.6 253.4 514.96 396.48 185.64 114.8 109.76 138.6818 142 142 121.3333 122.16 142 142 142 121.4 47.68 39.8 39.64 38.08 37 41.16 57.125
162 162 162 162 162 162 162 162 162 90 62 62 18 18 18 21.72 84.88 91.64 63.28 36.44 39.76 50 50 42.8 23.6 20 41 45 45 45 45 44.76 59.72 69.32 62.28 57 53.16 45 45 53.32 68.92 71 71 67.8 58 253 541.6 586 586 586 586 322.16 198 565.72 661.88 698.88 2241.32 973.4 493.2 479.44 437.04 354.44 430.44 471 539.2 529.4 489.16 1188.08 1709.12 77 77 77 85.47826 114.9167 136.8 22.96 18 49 105.8333 125.32 51.36 39 39.64 40 39.16 37 42.76 45
162 162 162 162 162 162 162 162 162 114.8 65.6 62 32.08 18 18 18 33.2 81.84 94 77.2 60.72 50 50 46.4 20 20 26 45 43.8 33 17.4 17.4 63.64 79 79 71.96 52.76 45 45 47.08 67.88 71 88.4 136.8 31 31 31 208.6 452.8 341.8 426.28 198 198 566.24 603.56 541.36 533.84 530.32 441.92 360.72 409.6 425 461.8 510.2 448.8 432.72 422 563.08 899.44 263.64 79.24 77 77 77 66.44 20.28 18 18 22.66667 43.20833 37.8 38.8 39.16 39.2 38.24 37 41.48 45
162 162 162 162 162 162 162 162 125.6 89.6 65.6 62 28.56 18 18 18 18 27.12 81.84 94 57.04 50 50 30.8 20 20 25.4 30.6 27 16.2 15 15 50.36 125.4 125.4 105.48 46.36 45 45 57.48 71 111.6 216 210.4 38.4 31 31 31 31 31 151.24 198 229.8 621.8 539.04 451.04 357.64 339.4 352.2 247.44 355.84 382.64 602.36 589.36 489 451.48 364.2 227.4 143.08 169.96 173.32 139.72 77 75.24 34.76 38.52 19.68 18 26.32 34 34 34 34 34.4 34.88 36.64 39.4 45
162 162 162 162 162 162 162 145.2 92 90.8 89.6 83.6 68.32 47.6 24.08 18.48 18 22.2 34.36 69.8 58.36 50 92.24 38.96 20 20 17.4 15 15 15 15 15 22.12 108.44 137 137 129.64 122.28 111.24 381.96 337.24 199.4 182.4 146 67.8 31 31 31 31 31 75.6 138.24 151.52 380.72 458.8 478.16 245.2 250.16 289.28 213 226.8 309.24 495 360.56 569 394.6 156.12 133 136.36 137.8 88.2 88.84 45.08 36 33 38.4 51.6 33.12 33.24 46.56 34 34 34 34 34 34 37.08 45
162 155.92 162 162 162 162 162 150.8 92 92 92 92 92 92 80.8 22 24.92 37.92 39 39 40.76 41.2 226 76.44 35.12 33.68 29.12 15.32 15.04 15 15 15 30.68 46.76 80.6 114.44 121.96 133.24 146.84 449.56 482.8 518.96 146 144.36 101.16 90.4 90.4 94.36 106.24 110.2 67.24 32 32 180.24 250 259.52 484.8 405.88 341.8 213 235.08 280 258 257 433.92 499.64 160.12 133.4 176.08 20 20 20 20 26.24 33 41.64 60 60 80.6 192.4 146.2 159.76 185.16 150.6 42.64 21 17.28 32.88
16.08 40.4 149.84 162 162 162 162 162 111.12 68.64 89.08 178.4 92 80.8 52.8 18 12 23.88 39 39 39 39 39 38.56 38 38 35.36 16 16 15.56 15.64 15.16 32.92 43 43 43 43 46.76 205 310.48 595.84 244.6 114.84 108.28 118.08 130.2 130.2 131.68 134.04 137.96 73.68 32 32 170.08 316.12 414.72 917 428.64 353.76 231.4 221.28 279.24 364.6 306 401.72 462 215.76 138 192.6 166.4 78.56 71.24 20 20 26.24 41.2 60 60 45.24 105.4 199 197.52 181.48 79.56 54.16 23.32 12 13.04
10 10 82.96 162 162 162 162 110.52 30.44 19 30.68 66.88 51.12 38.68 22 19.2 13.2 14.16 34.68 39 39 39 39 38.32 36.72 38 36 25.6 27.4 22 16 16 16 19.24 138.08 140.24 35.8 39.4 154.92 127.12 164.68 92.52 98.76 105 118.52 141.4 147.64 157 180.24 274.8 83.4 53.6 59 200.12 279.48 245.28 296.68 352.4 377.36 387.8 364.52 483.52 491 325 325 345.04 322.04 138 174.4 203 203 115.16 27.32 20 20 14.48 14 25.04 64.2 25.84 53.64 69.8 73.36 60.28 9 10.8 12 12.4
