eomf-prod/eomf/data/ecohealth/chdn.asc
ncols         992
nrows         717
xllcorner     68.144226
yllcorner     5.633471
cellsize      0.041667
NODATA_value  -9999
[rows 429 to 467 of 717, columns 264 to 351 of 992]
99.6 125.6 84 84 84 84 84 84 84 84 84 84 84 84 84 84 84 84 84 84 84 81.84 75 75 75 75 75 75 75 75 75 75 75 75 75 75 75 75 75 75 75 75 75 75 75 75 75 75 75 75 75 75 75 75 75 75 178.04 693.24 719 719 719 719 719 719 719 719 719 719 641.2 719 719 703.44 516.72 703.44 578.96 392.24 330 330 330 330 330 330 330 330 330 330 330 330
198.4 193.2 141.2 115.2 84 84 84 84 84 84 84 84 84 84 84 84 84 84 84 84 84 84 77.52 75 75 75 75 75 75 75 75 75 75 75 75 75 75 75 75 75 75 75 75 75 75 75 75 75 75 75 75 75 75 75 75 75 152.28 719 719 719 719 719 719 719 719 719 719 719 719 719 719 719 719 719 719 703.44 470.04 330 330 330 330 330 330 330 330 330 330 330
214 214 214 214 130.8 89.2 99.6 104.8 84 104.8 84 84 84 84 84 84 84 84 84 84 84 84 78.96 75 75 75 75 75 75 75 75 75 75 75 75 75 75 75 75 75 75 75 75 75 75 75 75 75 75 75 75 75 75 75 75 75 384.12 719 719 719 719 719 719 719 719 719 719 719 719 719 719 719 719 719 719 719 470.04 345.56 330 376.68 330 361.12 330 330 330 330 330 330
214 214 214 214 214 203.6 208.8 214 198.4 208.8 188 167.2 84 84 84 84 84 84 84 84 84 84 82.92 76.44 75 75 75 75 75 75 75 75 75 75 75 75 75 75 75 75 75 75 75 75 75 75 75 75 75 75 75 75 75 75 75 75 372.92 719 719 719 719 719 719 719 719 719 719 719 719 719 719 719 719 719 719 719 672.32 516.72 392.24 656.76 703.44 703.44 407.8 330 330 330 330 330
214 214 214 214 214 214 214 214 214 214 214 214 198.4 141.2 99.6 84 84 84 84 84 84 84 84 81.84 77.16 75 75 75 75 75 75 75 75 75 75 75 75 75 75 75 75 75 75 75 75 75 75 75 75 75 75 75 75 75 75 75 276.6 436.76 671.96 719 719 719 719 719 719 719 719 719 719 719 719 719 719 719 719 719 719 719 719 719 719 719 578.96 330 330 330 330 330
214 214 214 214 214 214 214 214 214 214 214 214 214 214 188 89.2 84 84 83.64 80.76 83.64 84 84 82.92 77.16 75 75 75 75 75 75 75 75 75 75 75 75 75 75 75 75 75 75 75 75 75 75 75 75 75 75 75 115.32 75 75 216.12 327 327 358.36 719 719 719 719 719 719 719 719 719 719 719 719 719 719 719 719 719 719 719 719 719 719 625.64 330 330 330 330 330 330
214 214 214 214 214 214 214 214 214 214 214 214 214 214 203.6 94.4 84 81.12 76.44 75 78.96 81.84 79.68 75.36 75 75 75 75 75 75 75 75 75 75 75 75 75 75 75 75 75 75 75 75 75 75 75 75 75 75 75 135.48 316.92 216.12 256.44 327 327 327 327 671.96 719 719 719 719 719 719 719 719 719 719 719 719 719 719 719 719 719 719 719 719 719 641.2 330 330 330 330 330 -9999
214 214 214 214 214 214 214 214 214 214 214 214 214 214 214 127.2 77.16 75.72 75 75 75 75 75 75 75 75 75 75 75 75 75 75 75 75 75 75 75 75 75 75 75 75 75 75 75 75 75 75 125.4 256.44 226.2 306.84 327 327 327 327 327 327 327 358.36 687.64 719 719 719 719 719 719 719 719 719 719 719 719 719 719 719 719 719 719 719 719 454.48 330 330 330 -9999 -9999 -9999
214 214 214 214 214 214 214 214 214 214 214 214 214 214 214 202.88 125.04 97.24 75 75 75 75 75 75 75 75 75 75 75 75 75 75 75 75 75 75 75 75 75 75 75 75 75 75 75 75 75 75 165.72 327 327 327 327 327 327 327 327 327 327 327 719 719 719 719 719 719 719 719 719 719 719 719 719 719 719 719 719 719 719 719 687.88 378.625 330 330 -9999 -9999 -9999 -9999
214 214 214 214 214 214 214 214 214 214 214 214 214 214 214 214 214 197.32 75 75 75 75 75 75 75 75 75 75 75 75 75 75 75 75 75 75 75 75 75 75 75 75 75 75 75 75 95.16 165.72 256.44 327 327 327 327 327 327 327 327 327 327 389.72 719 719 719 719 719 719 719 719 719 719 719 719 719 719 719 719 719 719 719 719 719 621.75 -9999 -9999 -9999 -9999 -9999 -9999
214 214 214 214 214 214 214 214 214 214 214 214 214 214 214 214 214 136.16 75 75 75 75 75 75 75 75 75 75 75 75 75 75 75 75 75 75 75 75 75 75 75 75 206.04 206.04 155.64 266.52 316.92 327 327 327 327 327 327 327 327 327 327 327 327 327 671.96 719 719 719 719 719 719 719 719 719 719 719 719 719 719 719 719 719 719 719 -9999 -9999 -9999 -9999 -9999 -9999 -9999 -9999
214 214 214 214 214 214 214 214 214 214 214 214 214 214 214 214 214 197.32 91.68 75 75 75 75 75 75 75 75 75 75 75 75 75 75 121.88 168.76 75 75 75 75 75 75 135.48 266.52 327 327 327 327 327 327 327 327 327 327 327 327 327 327 327 327 327 546.52 719 719 719 719 719 719 719 719 719 719 719 719 719 719 719 719 719 719 -9999 -9999 -9999 -9999 -9999 -9999 -9999 -9999 -9999
214 214 214 214 214 214 214 214 214 214 214 214 214 214 214 214 214 214 214 136.16 75 75 75 75 75 75 75 75 75 75 75 75 496.92 1059.48 1153.24 731.32 121.88 75 75 75 75 266.52 327 327 327 327 327 327 327 327 327 327 327 327 327 327 327 327 327 327 389.72 703.32 719 719 719 719 719 719 719 719 719 719 719 719 719 719 719 719 -9999 -9999 -9999 -9999 -9999 -9999 -9999 -9999 -9999 -9999
214 214 214 214 214 214 214 214 214 214 214 214 214 214 214 214 214 214 214 214 125.04 75 75 75 75 75 75 75 75 496.92 262.52 75 1059.48 1247 1247 1106.36 543.8 731.32 403.16 168.76 75 470.68 547.8 363.8 327 327 327 327 327 327 327 327 327 327 327 327 327 327 327 327 327 483.8 719 719 719 719 719 719 719 719 719 719 719 719 719 719 719 -9999 -9999 -9999 -9999 -9999 -9999 -9999 -9999 -9999 -9999 -9999
214 214 214 214 214 214 214 214 214 214 214 214 214 214 214 214 214 214 214 214 214 147.28 75 75 684.44 637.56 168.76 75 75 450.04 965.72 918.84 1247 1247 1247 1247 1247 1247 1247 1247 918.84 1247 1247 695 327 327 327 327 327 327 327 327 327 327 327 327 327 327 327 327 327 327 719 719 719 719 719 719 719 719 719 719 719 719 719 719 -9999 -9999 -9999 -9999 -9999 -9999 -9999 -9999 -9999 -9999 -9999 -9999
214 214 214 214 214 214 214 214 214 214 214 214 214 214 214 214 214 214 214 214 214 205.28 356.28 778.2 1247 1247 1247 496.92 75 731.32 1247 1247 1247 1247 1247 1247 1247 1247 1247 1247 1247 1247 1173.4 363.8 327 327 327 327 327 327 327 327 327 327 327 327 327 327 327 327 327 327 687.64 719 719 719 719 719 719 719 719 719 719 719 719 719 719 719 -9999 -9999 -9999 -9999 -9999 -9999 -9999 -9999 -9999 -9999
214 214 214 214 214 214 214 214 214 214 214 214 214 214 214 214 214 214 214 214 214 792.48 1247 1247 1247 1247 1247 1059.48 75 75 309.4 778.2 731.32 590.68 1106.36 1247 1247 1247 1247 1247 1247 1247 1136.6 363.8 327 327 327 327 327 327 327 327 327 327 327 327 327 327 327 327 327 405.4 719 719 719 719 719 719 719 719 719 719 719 719 719 -9999 -9999 719 -9999 -9999 -9999 -9999 -9999 -9999 -9999 -9999 -9999 -9999
214 214 214 214 214 214 214 214 214 214 214 214 214 214 214 214 214 214 214 214 544.56 1247 1247 1247 1247 1247 1247 1247 215.64 75 75 75 75 75 590.68 1247 1247 1247 1247 1247 1247 1247 1247 805.4 327 327 327 327 327 327 327 327 327 327 327 327 327 327 327 327 327 358.36 719 719 719 719 719 719 719 719 719 719 719 719 719 -9999 -9999 719 -9999 -9999 -9999 -9999 -9999 -9999 -9999 -9999 -9999 -9999
214 214 214 214 214 214 214 214 214 214 214 214 214 214 214 214 214 214 214 214 544.56 1081.72 1247 1247 1247 1247 1247 1247 871.96 168.76 168.76 75 75 75 1153.24 1247 1247 1247 1247 1247 1247 1247 1247 1247 547.8 327 327 327 327 327 327 327 327 327 327 327 327 327 327 327 327 327 577.88 719 719 719 719 719 719 719 719 719 719 719 719 719 719 719 -9999 -9999 -9999 -9999 -9999 -9999 -9999 -9999 -9999 -9999
214 214 214 214 214 214 214 214 214 214 214 214 214 214 214 214 214 214 214 214 214 420.6 695.88 1071.32 1247 1247 1247 1247 1247 965.72 1106.36 356.28 75 121.88 871.96 1247 1247 1247 1247 1247 1247 1247 1247 1247 1136.6 400.6 327 327 327 327 327 327 327 327 327 327 327 327 327 327 327 327 609.24 719 719 719 719 719 719 719 719 719 719 719 719 719 719 -9999 -9999 -9999 -9999 -9999 -9999 -9999 -9999 -9999 -9999 -9999
214 214 214 214 214 214 214 214 214 214 214 214 214 214 214 214 214 214 214 214 214 250.12 515 749.24 1247 1247 1247 1247 1247 1247 1247 1106.36 731.32 496.92 731.32 1247 1247 1247 1247 1247 1247 1247 1247 1247 1136.6 400.6 327 327 327 327 327 327 327 327 327 327 327 327 327 327 327 327 468.12 719 719 719 719 719 719 719 719 719 719 719 719 719 719 -9999 -9999 -9999 -9999 -9999 -9999 -9999 -9999 -9999 -9999 -9999
214 214 214 214 214 214 214 214 214 214 214 214 214 214 274.2 274.2 214 214 214 214 214 406.64 515 661.4 1247 1247 1247 1247 1247 1247 1247 1247 1247 1247 1247 1247 1247 1247 1247 1247 1247 1247 1247 1247 805.4 327 327 327 327 327 327 327 327 327 327 327 327 327 327 327 327 327 327 609.24 719 719 719 719 719 719 719 719 677.16 426.12 650.7826 509.8 719 719 -9999 -9999 -9999 -9999 -9999 -9999 -9999 -9999 -9999 -9999
214 214 214 214 214 214 214 214 214 214 214 214 286.24 394.6 490.92 478.88 394.6 310.32 214 214 418.68 515 515 661.4 1247 1247 1247 1247 1247 1247 1247 1247 1247 1247 1247 1247 1247 1247 1247 1247 1247 1247 1247 1247 363.8 327 327 327 327 327 327 437.4 363.8 327 327 327 327 327 327 327 327 327 327 468.12 719 719 719 719 719 719 719 719 719 698.08 588.25 663.9474 719 719 -9999 -9999 -9999 -9999 -9999 -9999 -9999 -9999 -9999 -9999
214 214 214 214 214 214 214 214 238.08 274.2 370.52 454.8 502.96 515 515 515 515 490.92 262.16 346.44 515 515 515 602.84 983.48 1247 1247 1247 1247 1247 1247 1247 1247 1247 1247 1247 1247 1247 1247 1247 1247 1247 1247 952.6 879 327 327 327 327 327 327 1136.6 547.8 327 327 327 327 327 327 327 327 327 327 327 499.48 719 719 719 719 719 719 719 719 719 719 719 719 -9999 -9999 -9999 -9999 -9999 -9999 -9999 -9999 -9999 -9999 -9999
214 214 214 214 214 214 214 382.56 515 515 515 515 515 515 515 515 515 515 515 515 515 515 515 515 515 632.12 807.8 719.96 749.24 954.2 1100.6 1129.88 1247 1247 1247 1247 1247 1247 1247 1247 1247 1247 1247 1136.6 437.4 327 511 437.4 842.2 363.8 547.8 1247 731.8 327 327 327 327 327 327 327 327 327 327 327 327 671.96 719 719 719 719 719 719 719 719 719 719 719 -9999 -9999 -9999 -9999 -9999 -9999 -9999 -9999 -9999 -9999 -9999
214 214 238.08 382.56 454.8 454.8 478.88 515 515 515 515 515 515 515 515 515 515 515 515 515 515 515 515 515 515 515 515 515 515 515 515 515 690.68 1129.88 1247 1247 1247 1247 1247 1247 1247 1247 1247 1247 879 731.8 1136.6 1247 1247 1026.2 1247 1247 952.6 327 327 327 327 327 327 327 327 327 327 327 327 687.64 719 719 719 719 719 719 719 719 719 719 -9999 -9999 -9999 -9999 -9999 -9999 -9999 -9999 -9999 -9999 -9999 -9999
214 214 442.76 515 515 515 515 515 515 515 515 515 515 515 515 515 515 515 515 515 515 515 515 515 515 515 515 515 515 515 515 515 515 544.28 924.92 1217.72 1247 1247 1247 1247 1247 1247 1247 1247 1247 1247 1247 1247 1247 1247 1247 1247 768.6 327 327 327 327 327 327 327 327 327 327 327 389.72 719 719 719 719 719 719 719 719 719 -9999 -9999 -9999 -9999 -9999 -9999 -9999 -9999 -9999 -9999 -9999 -9999 -9999 -9999
214 214 490.92 515 515 515 515 515 515 515 515 515 515 515 515 515 515 515 515 515 515 515 515 515 515 515 515 515 515 515 515 515 515 515 515 632.12 1159.16 1247 1247 1247 1247 1247 1247 1247 1247 1247 1247 1247 1247 1247 1247 1247 1247 511 327 327 327 327 327 327 327 327 327 483.8 703.32 719 719 719 719 719 719 719 -9999 -9999 -9999 -9999 -9999 -9999 -9999 -9999 -9999 -9999 -9999 -9999 -9999 -9999 -9999 -9999
214 250.12 502.96 515 515 515 515 515 515 515 515 515 515 515 515 515 515 515 515 515 515 515 515 515 515 515 515 515 515 515 515 515 515 515 515 515 661.4 1247 1247 1247 1247 1247 1247 1247 1247 1247 1247 1247 1247 1247 1247 1247 1247 989.4 327 327 327 327 327 327 327 530.84 468.12 703.32 719 719 719 719 719 719 -9999 -9999 -9999 -9999 -9999 -9999 -9999 -9999 -9999 -9999 -9999 -9999 -9999 -9999 -9999 -9999 -9999 -9999
213.8 334.4 515 515 515 515 515 515 515 515 515 515 515 515 515 515 515 515 515 515 515 515 515 515 515 515 515 515 515 515 515 515 515 515 515 515 515 837.08 1247 1247 1247 1247 1247 1247 1247 1247 1247 1247 1247 1247 1247 1247 1247 1247 1136.6 768.6 327 363.8 327 327 327 562.2 719 719 719 719 719 719 719 -9999 -9999 -9999 -9999 -9999 -9999 -9999 -9999 -9999 -9999 -9999 -9999 -9999 -9999 -9999 -9999 -9999 -9999 -9999
213 273.56 515 515 515 515 515 515 515 515 515 515 515 515 515 515 515 515 515 515 515 515 515 515 515 515 515 515 515 515 515 515 515 515 515 515 515 515 1042.04 1247 1247 1247 1247 1247 1247 1247 1247 1247 1247 1247 1247 1247 1247 1247 1247 1247 1247 1017 373 327 327 483.8 719 719 719 -9999 -9999 -9999 -9999 -9999 -9999 -9999 -9999 -9999 -9999 -9999 -9999 -9999 -9999 -9999 -9999 -9999 -9999 -9999 -9999 -9999 -9999 -9999
213 213 515 515 515 515 515 444.92 479.96 427.4 515 515 515 515 515 515 515 515 515 515 515 515 515 515 515 515 515 515 515 515 515 515 515 515 515 515 515 515 602.84 1159.16 1247 1247 1247 1247 1247 1247 1247 1247 1247 1247 1247 1247 1247 1247 -9999 -9999 -9999 -9999 -9999 -9999 -9999 544.7778 719 -9999 -9999 -9999 -9999 -9999 -9999 -9999 -9999 -9999 -9999 -9999 -9999 -9999 -9999 -9999 -9999 -9999 -9999 -9999 -9999 -9999 -9999 -9999 -9999 -9999
213 213 515 515 515 497.48 252.2 77 77 164.6 515 515 515 515 515 515 515 515 515 515 515 515 515 515 515 515 515 515 515 515 515 515 515 515 515 515 515 515 515 719.96 1247 1247 1247 1247 1247 1247 1247 1247 1247 1247 1247 1247 -9999 -9999 -9999 -9999 -9999 -9999 -9999 -9999 -9999 -9999 -9999 -9999 -9999 -9999 -9999 -9999 -9999 -9999 -9999 -9999 -9999 -9999 -9999 -9999 -9999 -9999 -9999 -9999 -9999 -9999 -9999 -9999 -9999 -9999 -9999 -9999
180.36 305.4 515 427.4 252.2 164.6 77 77 77 129.56 515 515 515 515 515 515 515 515 515 515 515 515 515 515 515 515 515 515 515 515 515 515 515 515 515 515 515 515 515 515 1159.16 1247 1247 1247 1247 1247 1247 1247 1247 1247 1247 -9999 -9999 -9999 -9999 -9999 -9999 -9999 -9999 -9999 -9999 -9999 -9999 -9999 -9999 -9999 -9999 -9999 -9999 -9999 -9999 -9999 -9999 -9999 -9999 -9999 -9999 -9999 -9999 -9999 -9999 -9999 -9999 -9999 -9999 -9999 -9999 -9999
77 164.6 252.2 77 77 77 77 77 77 77 497.48 515 515 515 515 515 515 515 515 515 515 515 515 515 515 515 515 515 515 515 515 515 515 515 515 515 515 515 515 515 895.64 1247 1247 1247 1247 1247 1247 1247 1247 1247 -9999 -9999 -9999 -9999 -9999 -9999 -9999 -9999 -9999 -9999 -9999 -9999 -9999 -9999 -9999 -9999 -9999 -9999 -9999 -9999 -9999 -9999 -9999 -9999 -9999 -9999 -9999 -9999 -9999 -9999 -9999 -9999 -9999 -9999 -9999 -9999 -9999 -9999
77 77 77 77 77 77 77 77 77 199.64 515 515 515 515 515 515 515 287.24 322.28 409.88 515 515 515 515 515 515 515 515 515 515 515 515 515 515 515 515 515 515 515 515 573.56 1217.72 1247 1247 1247 1247 1247 1247 1247 1247 -9999 -9999 -9999 -9999 -9999 -9999 -9999 -9999 -9999 -9999 -9999 -9999 -9999 -9999 -9999 -9999 -9999 -9999 -9999 -9999 -9999 -9999 -9999 -9999 -9999 -9999 -9999 -9999 -9999 -9999 -9999 -9999 -9999 -9999 -9999 -9999 -9999 -9999
77 77 77 77 77 77 77 77 77 147.08 515 515 515 515 515 515 515 322.28 77 77 199.64 374.84 515 515 515 515 515 515 515 515 515 515 515 515 515 515 515 515 515 515 515 1042.04 1247 1247 1247 1247 1247 1247 1247 1247 -9999 -9999 -9999 -9999 -9999 -9999 -9999 -9999 -9999 -9999 -9999 -9999 -9999 -9999 -9999 -9999 -9999 -9999 -9999 -9999 -9999 -9999 -9999 -9999 -9999 -9999 -9999 -9999 -9999 -9999 -9999 -9999 -9999 -9999 -9999 -9999 -9999 -9999
77 77 77 77 77 77 77 77 77 77 515 515 515 515 515 515 515 497.48 199.64 77 77 129.56 479.96 515 515 515 515 515 515 515 515 515 515 515 515 515 515 515 515 515 515 866.36 1247 1247 1247 1247 1247 1247 1247 -9999 -9999 -9999 -9999 -9999 -9999 -9999 -9999 -9999 -9999 -9999 -9999 -9999 -9999 -9999 -9999 -9999 -9999 -9999 -9999 -9999 -9999 -9999 -9999 -9999 -9999 -9999 -9999 -9999 -9999 -9999 -9999 -9999 -9999 -9999 -9999 -9999 -9999 -9999
77 77 77 77 77 77 77 77 77 94.52 409.88 515 515 515 515 515 515 234.68 77 77 77 77 339.8 322.28 252.2 269.72 147.08 129.56 374.84 462.44 515 515 515 515 515 515 515 515 515 515 515 602.84 1247 1247 1247 1247 1247 1247 1247 -9999 -9999 -9999 -9999 -9999 -9999 -9999 -9999 -9999 -9999 -9999 -9999 -9999 -9999 -9999 -9999 -9999 -9999 -9999 -9999 -9999 -9999 -9999 -9999 -9999 -9999 -9999 -9999 -9999 -9999 -9999 -9999 -9999 -9999 -9999 -9999 -9999 -9999 -9999
