eomf-prod/eomf/data/ecohealth/dem.asc
ncols         992
nrows         717
xllcorner     68.144226
yllcorner     5.633471
cellsize      0.041667
NODATA_value  -9999
[rows 370 to 406 of 717, columns 166 to 248 of 992]
542.44 562.68 642.36 797.88 709.2 663 674.72 668.4 668.72 706.92 658.88 657.8 678.84 631.2 618.24 606.8 596.68 602.28 595.56 603.36 592.4 580.36 575.8 547.76 535.76 528.96 519 511.2 510.24 514.4 535 561.04 578.52 545.48 544.96 537.2 532.68 519.96 511.96 510.32 507.68 515.6 517.68 517.76 510.56 510.72 519.76 531.68 533.12 540.88 539.12 539.8 542.76 534.2 528.8 518.44 477 434.08 507.64 502.4 442.92 404.44 388.4 385.2 368.6 354.16 341.12 327.04 322 314.76 315.28 291.84 295.88 292.04 275.4 268.8 289.04 285.84 271.84 288.44 314.6 291.56 268.44
531.44 554.88 617 749.6 692.8 701.52 717.04 708.76 702.4 762.6 705.6 721 683.72 644.32 643.64 615.12 627.36 608.8 613.48 594.6 604.16 600.24 580.6 557.48 565.6 550.68 530.08 527.2 515.8 514.28 537.36 534.4 573.12 568.88 560.44 551.24 545.4 530.16 521.08 512.08 511.36 521.04 523.04 517.84 516.88 501.64 505.48 505.2 519.2 521.6 515.88 517.12 533.52 544.08 541.16 515.84 471.4 415.16 498.36 426.28 474.64 463.4 453.4 464.76 397.16 378.64 352.56 349.04 335.32 328.56 313.48 289.84 284.32 284.36 271.6 275.68 296.4 288.2 265.12 279.24 316.2 295.12 269.88
545.08 575.28 662.04 696.08 749.56 750.4 759.96 732.76 788.24 802.72 706.28 661.92 615.8 597.8 588.64 611.56 619.36 599.08 592.96 548.72 574.32 605.96 577.2 576.4 552 539.52 546.2 533.32 514.52 507.2 516.64 524.6 544.76 557.76 562.8 578.24 569.64 558.44 541.68 528.16 538.48 530.8 529.84 522.24 518.64 504.48 493.84 487.36 489.04 485.12 486.4 474.92 506.56 513.48 541.36 514.8 450.28 388.04 363.16 360.56 374.92 440.24 420.92 416.72 385.56 351.16 346.08 352.52 348.08 339.92 348.2 298.76 277.6 264.8 255.28 265.96 300.4 262.08 247.4 276.24 289.24 264.32 262
546.64 560.16 575.56 597.84 736.36 673.36 623.96 620.68 653.16 752.6 718.88 671.48 634.2 596.68 540.68 530.72 545.52 553.36 541.76 537.16 550.76 578.88 560.76 563.24 592.24 565 544.32 553.08 558.64 518.56 502.32 505.72 530.92 551.28 545.24 546.48 537.48 548 560.04 549.96 566.84 560.6 541.36 533.96 530.24 508.92 516.8 479.84 461.24 459.44 471.56 470.36 478.24 490.72 487.92 507.48 452.8 433.44 381.96 346.16 350.32 386.4 373.4 350.64 354.4 374.16 325 314.68 313.72 322.92 343.68 312.12 300.84 268.2 271.92 278 303.4 263.44 256.84 257.8 299.6 278.04 244.32
527.84 534.04 541.68 546.08 558.4 580.68 584.32 585.36 585.36 616.4 630.68 614.8 566.6 558.88 538.08 516.44 515.76 518.48 526.92 512.2 529.76 544.88 516.6 516.28 525.92 562.16 581.24 577.76 545.12 533.2 522.32 515.28 510.28 536.08 520.4 525.28 509.24 537.24 539.76 548.28 554.84 544.28 534.36 538.04 534.28 534.2 517.8 494.68 466.92 480.92 487.72 490.28 456.44 447.56 448.96 462.68 496.72 493.44 427.76 356.96 322.16 326.12 331.84 321 328.88 344.24 347.28 296.44 275.32 273.72 279.32 275.04 266.56 261.52 251.48 246.12 245.28 251.16 244.52 245.16 275.16 340.28 268.88
513.76 521.2 522.6 528.88 539.4 532.96 562.36 586.04 567.44 561.64 563.92 561.76 593.28 544.6 516.76 508.64 500.16 516.84 520.64 495.72 496.4 518.92 510.32 500.16 500.84 497.04 501.96 564.32 557.72 553.52 542.44 529.16 499.88 492.24 486.6 497.64 488.6 499.36 501.16 505.44 539.04 531.56 515 514.04 511.92 493.48 501.6 498 490.8 506.12 510.36 510.76 500.64 481.16 460.28 448.36 470.24 478.72 415.68 356.12 334 310.6 299.16 301.72 302.28 291.44 286 261.48 288.32 325.68 295.32 278.96 271.28 272.92 279.64 277.6 247.68 267 256.68 242.4 259.88 272.76 295.24
501.28 508.6 507.56 510.48 512.08 551.04 657.76 667.96 599.08 561.8 535.48 536.76 560.32 527 510.76 496 490.64 511.08 506.68 499.6 484.84 489.48 492.36 489.48 485.8 484 475.32 518.12 590.84 571.08 554.04 544.72 521.36 510.72 474.96 476.12 472.8 472.48 472.16 487.04 495.84 522.64 515.2 498.56 491.28 482.68 482.16 476.96 459.48 482.72 501.96 512.72 506.84 486.2 461.04 441.96 457 494.12 455.64 436.04 377.36 320.16 289.96 285.8 293.56 277.12 279.4 268.04 349.8 450.52 387.16 308.56 299.92 300.12 322.6 341.56 291.08 286.2 292.36 266.2 233.76 251.24 239.72
488.36 485.68 493.52 494.4 505.24 524.72 577.2 666.2 626.92 600.36 540.28 520.56 522 508.2 497.04 487.12 480.04 493.24 489.68 486.04 486.4 471.68 472.6 478.24 470.8 462.64 463.56 494.6 551.88 556.24 551.12 538.92 524.32 503.8 495.08 490.56 467.2 459.36 455.6 456.76 454.68 490.92 495.64 493.76 486.64 475.96 461.16 453.8 447.6 457.44 472.04 470.12 502.88 463.68 446.12 440.24 451.2 488.8 509.08 495.72 467.28 341.76 307.16 284.32 284.24 303 291.84 283.88 322.92 377.52 402.84 426.36 399.08 394.6 405.64 419.6 345.76 314.36 317.64 294.76 276.08 300.16 265.48
482.88 483.68 487.88 482.52 487.52 499.92 512.48 540.12 555.36 577.12 538 526.24 518.84 506.2 499.88 494.48 474.84 472.32 466.68 466.6 463.72 466.92 471.56 464.52 472.96 455.12 456.2 473.64 480.52 490.16 491.12 511.4 520.92 525.84 525.16 518.6 512.36 491.36 468.2 451.04 453.88 459.48 450.32 467 502.44 486.28 471.12 468.2 455.2 443.4 464.32 458.2 483.72 475.92 458.16 440.16 424.04 438.72 476.8 471.52 443.64 397.6 363.4 315.96 317.4 334.92 300.16 278.24 303.2 315.84 390.72 414.24 464.92 431.12 400.12 451.36 444.92 403.88 408.96 349.68 330.48 280.68 268.04
489.88 473.28 482.04 479 479.52 494.24 515.68 517.76 534.12 589.44 602.8 613.04 558.52 535.92 533.16 506.36 494.04 477.76 468.04 463.88 455.24 448.4 462.4 455.56 451.52 444.08 442.64 450.12 455.12 470.96 455.72 461.2 483.52 482.24 490.88 503.8 530.16 515.8 491.32 470.48 441.72 439.16 426.2 437.72 487.92 493.48 486.64 467.12 466.76 450.24 447.4 447.68 463.76 461.08 472.04 450.4 424.8 407.88 415.16 435.96 434.84 457.04 471.68 437.16 406.36 344.76 307.6 287.4 305.52 375.8 333.08 301.08 365.44 425.36 364.96 365.76 423.24 510.44 467.84 349.76 309.52 279.6 262.4
474.88 468.76 474.6 470.08 474.6 499.44 497.76 502.12 508.92 546.32 551.64 529.24 528.04 518.24 517.52 549.8 507.84 480.96 492.76 478.76 465.08 464.12 468.6 461.56 460.48 457.68 448.68 439.2 433.96 443.24 440.44 446.96 448.84 465.32 471.2 460.32 473.2 482.48 497.88 488.96 478.44 447.76 450.52 418.12 426.36 457.6 443.2 455.12 453.2 463.36 448.92 446.4 462.52 436.52 465.68 470.52 448.16 421.68 414 417.48 412.2 415.44 436.8 436.64 496.8 476.08 361.72 327.28 342.56 356.28 344.92 328.28 326.16 315.84 318.4 328.16 426.68 452.76 398.12 342.2 303.48 287.08 271.92
465.08 464.44 460.24 457.6 468.44 486.96 484.4 479.96 493.4 503.08 497.88 491.52 501.12 494.8 494.12 533.2 517.72 498.4 491.2 480.04 482.68 479.16 471.92 472.88 480.4 470.48 463.04 452.88 433.84 431.68 428.84 436.92 436.24 443.72 459.96 452.32 459.32 439.72 435.44 448.04 477.32 481.56 466.52 435.04 420.72 409.64 426.6 452.72 451.92 450.96 473.24 449.52 438.76 424.6 455.24 445.2 434.44 427.48 427.52 431.64 418.96 404.2 402.96 425.6 461.68 443.68 415.88 396.08 398.56 396.4 368.4 364.48 377.68 371.52 370.84 317.48 354.16 410.64 413.72 362.52 335.76 310.68 308.96
475.56 470.48 462 451.92 461 475.08 466.68 471.84 478.32 486.76 472.56 472.44 475.64 472.56 465.16 465.6 472.04 471.16 471.04 463.72 479.32 485.88 485.24 490.2 501.48 489.08 476.52 456.84 438.72 434.92 423.48 424.76 422.12 430.16 437.48 434.16 450.48 437.12 422.56 423.28 423.08 426.2 437.68 431.88 430.4 409.28 421.6 487.04 471.24 487.12 503.56 494.36 472.64 435.48 432.8 422 413.68 412.96 421.08 416.32 408.44 395.04 391.88 405.96 404.28 429.88 401.48 396.96 398.72 430.68 409.48 436.12 411.28 392.16 361.12 321.84 361.88 456.4 531.08 485.84 408.68 374.8 358.76
490.32 478.4 466.92 463.44 451.4 454.44 453.16 457.04 458.48 466.64 460.6 454.64 468.2 473.44 461.64 446.52 436.24 440.16 441.76 438.08 451.56 459.36 469.76 482.12 499.44 500.44 486.2 463.28 447.08 434.08 426.2 414.16 409.52 410.76 416.96 427.72 434.48 421.44 416.28 406.2 403.72 402.84 414.6 408.44 410.88 391.6 406.92 473.52 503.4 529.64 537.76 508.44 455.28 445.96 452.12 451.96 426.12 406.8 409.8 410.32 408.36 405.52 395.6 392 393.12 402.6 380.92 370.72 371.44 386.48 417.64 405.84 420.2 360.12 340.72 356.8 341.36 431.16 514.64 499.56 512.52 520.04 446.68
507.12 490.68 481.76 466.28 451.64 453.8 452.84 447.6 442.12 457.8 457.92 441.72 458.12 459.92 449.6 444.28 439.56 426.52 432.04 424 432.84 443.52 451.32 465.72 482.64 499.76 490.4 451.48 440.84 440.48 435.04 426.92 421.16 409.8 402.12 420.16 429.2 426.8 428.56 417.72 407.52 392.88 393.24 397.6 398.56 390 406.28 435.72 470.04 478.08 488.76 496.04 491.88 488.8 504.96 459.08 425.28 413.4 417.52 432.52 456.84 437.64 415 401.36 397.92 397.92 382.12 383.68 379.72 374.56 381.76 381.52 380.32 375.84 411.28 389.16 374.88 420.6 473 447 478.36 519.44 440.56
497.2 487.52 469.2 455.84 469.68 475.76 458.52 459.6 448.12 450.6 436.6 435.16 442.76 435.28 437.72 431.2 426.12 426.56 426.8 421.04 420.64 428.8 437.08 451.4 473.28 473.56 475.32 455.48 454.16 442.68 424.56 417.24 421.6 419.56 401 405.72 407.28 408.64 406.76 402.96 401 409.52 392.12 383.76 388.2 390.08 406.68 407.08 421.12 425.76 427.2 445.32 420.2 445.32 476.96 477.8 437.64 432.52 436.72 462.76 449.32 427.72 412.8 399.68 401.88 391.36 380.68 393.76 397 386.44 382.8 385.88 365.2 435.64 450.28 489.52 465.64 442.24 449.52 432.32 451.08 458.52 462.08
491.04 474.48 465.92 459.84 480.36 475.96 476.28 458.56 450 435.76 447.56 427.76 424.56 427.4 428.4 433.68 417.16 413.64 417 416.4 407.64 417.04 430.16 451.44 449.96 444.96 452.04 438.68 444.12 442.32 430.44 419.52 409.6 404.68 397.88 394.92 393.92 392.2 393.04 387.96 381.28 388.64 397.88 391.16 387.28 394.8 393.24 396.64 409.64 395.12 391.72 395.16 394.72 400.84 407.04 413.96 449.32 518.6 523.52 511.12 470.6 419.08 408.92 405.64 402.84 399.48 390.36 399.76 397.16 397.2 406.08 395.72 420.4 483.48 509.32 565.64 514.24 464.52 452.56 419.48 425.12 428.04 435.44
501.68 485.48 468.6 467.08 485.28 491.08 477.72 464.4 456.16 449.04 449.96 440.48 435.12 437.6 427.96 420.36 414.16 420.56 413.76 415.56 410.16 419.04 419.96 426.8 433.16 428.72 434.64 432.36 420.04 432.72 421 422.96 417.92 410.96 417.56 405.56 400.48 400.72 403.04 402.96 394.24 378.92 381.88 385.32 382.6 391.6 387.64 388.8 399.32 389.24 381.12 378.96 383.6 382.28 380.92 385.6 426.84 503.76 532.44 485.6 443.92 429.36 426.8 418.8 425.76 433.72 415.16 423.92 431.44 454.16 441.24 430 451.32 485.2 542.32 528.48 479 459.84 434.8 415.6 402.04 404.84 425
491.04 480.92 475 473.88 489.2 500 496.28 479.36 467.84 459.52 465.56 449.44 461.88 453.84 435.32 433.84 424.92 432.24 439.32 424.12 406.4 412.88 408.6 416.48 421.72 413.08 413.8 417.68 415.44 420.44 410.16 413.28 415.08 426.36 430.64 413.88 412.04 416.64 418.44 417 401.76 394.12 381.88 379.92 377.6 390 376.88 394.8 400.84 391.52 379.28 373.28 382.04 377.72 368 374.96 387.44 421.2 507.44 489.56 452.28 450.6 437.04 442.44 441.88 475.92 479.4 491.04 477.96 476.84 503.08 467.48 445.44 422.96 445 499.44 524.36 489.96 451.96 441.56 424.28 393.96 375
497.92 499.56 490.68 498.24 489.44 494.64 515.24 504.88 496.56 476.12 479 474.92 467.6 450.92 444.88 461.8 446.72 454.44 446.36 424.8 414.84 419.6 415.56 407.96 409.24 411.08 402.44 403.08 412.92 398.72 396.88 400.48 411.88 429.28 431.2 431.84 436.04 438.32 426.76 416.12 407.08 403.32 387.32 377.72 371.88 385.2 373.68 387.96 395.2 387.92 376.28 363.52 370.68 373.8 362.84 366.56 369 377.84 419.16 458.36 479 498.12 472.8 470 480.64 462.24 449.8 449.12 428.8 414.84 462.92 474.52 435.28 413.88 387.12 385.84 458.44 477.28 486.16 472.76 465 405.88 350.84
506.32 511.32 507.24 514 507.72 494.04 516.8 588.36 557.24 509.48 496.12 481.08 469.52 470.72 484.44 495.28 464.44 469.08 443.8 437.64 441.2 451.24 424.2 420.92 426.56 425.52 417 405.52 398 403.36 398.8 394.56 408.36 422.44 416.72 428.4 428.52 443.64 429.6 421.52 404.4 397.08 396.36 390.24 382.4 372.32 368.12 382.88 393.96 386 384.16 371.72 356.56 356.08 357.12 359.84 362.44 368.68 379.48 390.32 438.04 470.64 437.92 441.16 427.6 424.72 397.56 395 398.16 393.28 405.24 455.2 457.56 453.32 416.12 378.52 379.84 427.8 578 502.16 452.84 412.72 433.2
527.48 533 524.28 522.72 528.72 516 529.08 594.44 593 576.32 563 534.36 502.36 514.04 514.28 538.44 509.12 487.04 467.48 464.24 470.32 454.92 465.68 453.32 448.28 441.48 423.56 411.72 405.12 409.92 396.76 398.56 416.12 403.16 407.44 411.24 411.68 427.12 419.08 416.16 417 405.68 396 385.48 388.32 387.44 370 369.96 377.52 373.04 373.72 384.52 379.04 363.56 353.92 350.12 355.48 359.84 368.48 387.88 446.4 482.16 456.52 455.96 457.64 426.8 378.4 378.64 390.08 383.36 382.84 400.52 389.96 413.24 402.28 416.32 366.32 375.52 436.56 506.32 508.64 499.64 473.72
560.56 587.56 564.68 553.8 560.68 547.24 583.36 567.24 542.4 530.84 534.96 540.08 531.64 519.32 506.56 492 483.96 491.36 475.04 457.16 450.84 444.56 425.08 438.72 430.84 423.88 417.76 413.64 407.6 411.08 389.12 388.6 397.08 402.08 390.24 388.12 398.68 404.52 400.96 402.08 401.36 402.56 397.44 395.64 385.52 374.92 367.2 375.92 365.32 366.48 359.32 371.08 355.04 348.84 350.52 350.8 347.64 362.52 360 382.48 428.88 470.56 455.4 434.44 414.52 400.92 391.6 380.56 368 377.4 366.28 376.76 372 396.2 433.64 411.08 363 350.68 360.6 398.24 397.84 479.88 442.64
744.24 737.92 699.12 698.12 627.56 587.52 580.56 589.68 585.12 534.68 515.36 506.6 501.16 490.32 485.12 475.44 470.32 461.68 457.84 451.72 445.68 448.4 435.16 431.4 428.12 422.04 420.48 423.28 413.24 400 386.24 382.64 381.6 389.12 384.52 378.04 380.68 386.92 390.68 384.64 398.4 383.12 379.92 382.28 388.08 373.4 365.52 364.04 362.64 363.52 358.8 357.44 356.6 358.72 366.44 353.6 351.88 358.2 371.4 384.96 402.6 427.6 448.48 436.96 437.48 424.84 422.6 400.6 381.52 367.72 364.8 358.24 349.2 352.12 372.92 385.48 374.16 343.68 347.32 361.72 359.92 362.52 394.36
778.6 719.16 753.56 703.16 662.84 606.64 612.48 597.88 580.36 541.32 528.04 517.4 505.2 517.28 493.84 490.76 475.8 460.32 457.08 461.16 459.16 459.04 444.72 445.44 444.56 438.36 429.04 423.72 413.12 403 390.12 385.2 380.52 380.12 385.72 383.24 379.76 374.88 383.16 383.56 381.16 380.28 371.48 370.36 371.68 365.52 367.56 366.2 361.72 357.72 361.44 367.8 377.84 386.12 377.28 363.72 352.2 352.64 367.32 374.88 370.28 392.16 417.08 408 410.92 447 412.4 385.8 378.84 366.28 358.84 352.28 349.48 342.88 339.48 344.88 347.04 339.96 328.04 330.2 330.76 323 338.04
681.56 678.52 693.84 720.6 692.88 666.52 615.6 593.32 576.12 568.16 548.96 539.12 530.28 529.36 510.12 506.04 482.88 482.56 470.16 479.56 475.32 470.76 470.84 462.12 461.8 446.48 441.52 434.56 416.76 411.6 406.4 395.92 386.4 378.16 390.6 384 385.52 374.12 375.24 372.04 370.68 370 367.48 378.04 371.16 367.72 377.36 382.56 371.56 364.16 370.88 381.92 399.12 388.28 385.48 380.56 363.72 355.68 349.08 359.4 353.16 367.2 376.64 371.76 381.12 403.76 413.4 398.6 388.24 378 364.04 366.32 363.88 356.12 339.08 335.68 332.6 336.96 325.08 314.84 316.64 310.2 309.04
641.08 640.64 654.32 672.52 745.4 680.32 661.64 625.72 609.76 627.6 578.32 563.12 553.04 529.4 535.64 513.24 488.24 512.52 485.48 494.08 509.32 511.88 531.92 489.96 484.96 468.8 467.72 460.92 442.2 441.16 428.2 418.72 403.36 394.08 397.56 394.56 390.4 376.76 369.76 371.68 362.28 369.92 369.72 373 371.52 368.56 369.92 387.68 378.4 371.48 379.32 381.68 409.48 386.44 377.4 372.12 361.52 347.08 344.08 347.16 343.92 360.68 380.2 356.08 371 377.48 363.12 352.36 367.6 357.36 341.48 355.24 351.24 342.04 334.2 333.48 330.36 322.92 315.36 305.28 301.48 297.88 286.92
623.04 625.24 630.8 672.76 774.84 752.28 696.88 658.44 638.2 663.52 668.84 665.16 605.56 582.68 586.8 584.64 517.04 562.24 537.8 549.68 602.4 562 555.76 504.84 523.96 496.08 525.12 533.48 483.76 469.28 453.12 435.48 423.88 414.52 418.04 410.16 392.2 395.44 394.6 392.32 392.32 383.76 385.4 377.24 381.64 380.76 397.56 402.76 399.76 394.36 393.44 398.12 409.16 422.44 406.96 382.96 361.04 367.4 370.56 370.16 350.48 348.24 358.84 345.12 354.52 362.08 356.76 350.84 344.84 338.8 332.28 321.72 316.12 321.96 327.32 331.08 314.24 304.52 306.2 312.72 300.4 287.92 286.32
602.68 612.4 641.68 677.88 769.68 838.96 779.52 753.84 781.68 738.52 788.32 698.92 673.84 675.4 642.68 596.6 564.08 642.6 645.8 654 629.72 645.32 587 577.88 563.12 552.8 605.16 606.16 538.52 551.76 504.72 454.8 435.84 430.72 422.28 428.72 405.44 409.4 429.16 437.2 405.96 399 410.96 390.56 396.52 392.6 428.52 457.2 463.6 450.56 448.44 432.68 448.12 422.68 389.48 393.12 392.68 391.68 377.08 353.44 349.12 349.72 336.48 337.28 345.32 347.8 347.96 352.2 341.76 336.72 334.64 323.48 327.44 342.88 344.8 328.32 316.52 317.4 323.64 322.16 309.44 298.24 292.96
591.44 609.64 630.88 658.2 764.76 811.32 815.28 805.96 794.68 778.8 779.56 773.96 750.8 726.76 720.16 689.84 673.4 699.16 702.64 684.08 696.44 691.84 651.32 618.8 599 628.12 668.72 643.44 627.48 597.6 562 511.24 477.32 491.12 457.4 450.88 446.84 449.12 465 434 417.36 467.68 420.28 420.8 426.8 436.32 458.96 486.64 474.04 432.8 414.44 402.8 392.12 401.72 408.48 409.52 414.08 383.4 364.48 353.8 370.44 366.76 355.96 341.36 341.44 339.16 335.92 341.92 340.96 332.2 343.32 328.76 333.32 347.52 348.16 339.08 326.2 338.36 348.88 333.96 313.04 311.8 317.36
578.16 587.16 606.28 627.6 670.92 686.56 767.24 779.36 763.32 745.2 739.52 767.4 766.28 749.2 741.72 729 723.32 725.36 718.48 723.24 733 738 704.56 680.04 687.8 712.4 713.24 705.36 689.72 640.36 606.32 565.08 530.36 542.76 513.48 498.56 499 506.16 488.4 463.84 458.4 505.96 476.08 479.96 490.64 477.8 477.08 468.6 446.8 442.92 455.24 443.16 417.68 401.84 389.52 381.24 402.2 393.52 367.24 359.96 379.24 365.12 346.4 344.28 363.36 345.92 338.12 333.76 332.56 329.72 346.48 347.6 346.28 360.68 363.2 353.08 344.96 352.08 346.96 333.88 320.4 321.16 335.16
560.68 569.16 586.44 593.6 618.92 622.28 642.36 720.96 747.12 740.92 726.64 748.48 747.96 751.84 729.88 710.48 703.2 698.48 698.08 704.72 704.88 712.08 696.16 714.72 739.44 734 724 719.48 697.36 669.28 650.48 591.4 588.48 588.32 578.56 562.68 552.56 542.72 522.64 518.8 496.92 513.32 523.92 493.4 488.28 468.12 460.48 447.6 458.92 484.76 490.24 467.2 468.84 442.48 399.92 383.48 369.28 381.36 373.36 387.12 371.56 360.64 351.68 355.84 359.24 346.4 338.16 339.64 337.96 337.92 355.6 360.76 356.76 369.56 387.16 381.08 377.44 374.04 357.56 346.44 330.8 345.24 357.96
546.16 556.6 563.04 585.16 578.2 590.08 613.36 643.8 671.04 670.4 702.68 709.08 727.36 725.04 712.8 705.16 682.28 683.44 682.52 696.64 688.28 683.4 673.12 695 698.76 711.08 691.72 695.2 691.36 696.28 665.32 630.64 641.28 636.84 636.6 622.2 613.6 595.36 562.2 555.84 544.44 532.52 520.48 493.76 478 492.2 492.04 475.88 473.48 496.8 508.12 487.16 475.52 458.04 439.84 393.88 377.92 370.2 370.08 368.68 395.24 378.84 369.4 356.72 342.92 339.36 337.6 345.56 339.84 344.48 373.08 377.28 367.4 374.44 405.44 418.96 403.64 375.92 357.32 344.68 341.92 349.92 382.96
549.56 538.08 549.64 568.28 555.08 587.2 618.48 643.48 638.4 600.76 634.52 701.96 697.44 703.16 704.84 676.2 670.04 674.44 669.16 681.56 681.76 666.8 658.12 677.44 671.68 675.4 667.56 666.64 657.8 662.04 669.52 662.16 654.04 655.24 633.6 621.6 622.68 629 601.8 563.48 531.12 523.68 506.2 500.56 505.08 518.56 510.4 510.44 511.48 512.08 522.68 521.08 497.72 474.28 431.56 419.8 420.8 377.08 366.92 357.76 361.56 363.48 373.44 373.68 336.68 332.52 344.16 342.8 342.36 349.72 363.96 396.36 380.32 370 382.28 426.28 405.04 371.24 355.28 359.52 352.28 358.72 395.32
566.8 547.68 539.28 545.32 544.08 588.24 602.48 620.6 603.92 596.36 637.92 702.16 716.04 696.4 689.48 689.84 677.52 664.44 660 652.64 651.48 657.4 644.24 658.56 644.32 655.52 646.48 651.88 643.64 637.16 639.72 652.12 640.12 642.64 641.52 631.12 613 615.76 620.96 585 552.64 550.28 537.12 520.4 525.44 531 529.6 523.84 540 541.6 552.36 535.56 512.52 499.16 482.44 456.44 429.96 402.72 392.12 362.88 349 343.2 341.28 338.96 335.32 337.2 348.8 349.64 352.32 352 375.6 445.36 398.72 384.08 384.12 391.96 411.16 399.72 377.44 382.88 365.16 358.72 405.32
603 569.52 546.32 544.56 553.48 573.56 567.12 583.08 580.8 581.88 614.48 675.4 715.36 716.36 711.32 721.08 719.88 701.76 699.4 685.72 670.56 654.44 639.52 639.68 636.32 641.44 639.2 634.08 629.96 624.68 622.72 627.84 616.64 624.68 640.28 622.68 607.76 608.44 616.68 589.24 571.4 565.96 548.48 545.48 554.8 562.56 542.32 539.88 518.8 508.72 519.32 507.24 501.8 485 473 474.8 447.84 426.28 402.2 388.32 378.04 363.28 353.84 346.64 342.24 349.52 362.76 361.84 362.44 374.56 389.24 427.36 422.68 404.72 401.56 408.76 409.16 389.8 399.28 396.32 382.4 371.92 394.8
602.6 564.32 543.88 531.92 536.76 542 564.08 557.16 557.84 573.52 605.36 616 659.88 688.12 694.96 719.04 737.2 713.68 698.64 683.88 674.96 672.12 648.84 649.56 647.4 640.36 633.68 632.6 626.4 623.28 617.08 613.68 608.36 612.32 626.08 615.6 601.6 598.04 615.44 625.84 615.88 609.48 598.4 591.36 585.2 557.08 527.28 511.88 510.24 504.28 490.16 481.2 466.4 465.64 436.96 441.24 439.44 436.28 412.84 392.08 377.48 372.4 367.48 357.12 343 358.12 373.28 376.52 373.52 385.32 409.72 475.52 481.8 424.64 450.92 457.52 429.28 408.64 424.48 410.6 395 394.92 478.04
