eomf-prod/eomf/data/ecohealth/dem.asc
ncols         992
nrows         717
xllcorner     68.144226
yllcorner     5.633471
cellsize      0.041667
NODATA_value  -9999
[rows 222 to 258 of 717, columns 581 to 663 of 992]
39.6 39.48 40.88 40.68 42.36 44.28 53.48 74.76 104.08 191.12 192.04 482.32 460.84 303.52 231.32 116.36 96.56 102.92 70.6 83 117.6 365.24 509.52 839.56 759.88 720.48 823.44 778.8 852.76 839.64 820.12 594.88 382.44 205.56 111.68 103.52 95.92 93.72 94.96 106 228 315.32 493.2 396.56 427.56 429.28 325.28 559.36 841.68 911.32 811.16 805.32 967 1074.4 1293 1420.76 1529.96 1921.6 1532.76 1546.04 1993.92 1957.12 1565.92 1691.4 1580.64 1559.56 1611.8 1831.92 1987.48 1860 1748.52 1827.24 1361.28 759.04 465.2 421.36 314.28 852.2 741.6 455.92 338 303.56 289.56
73.48 87.72 114.68 86.2 55.92 41.48 44.56 61.08 113.76 223.16 347.84 592.04 435.36 293.56 139.92 56.6 59.08 64.44 65.68 81.68 200.48 504.72 579.24 586.4 521.68 519.24 630.36 761.72 901.56 817.92 653.2 384.12 403.4 187.08 118.08 109.12 108.68 107.16 105.08 120.32 276.28 520.36 384.24 395.8 387.64 496.84 591.84 405.68 721.56 870.16 660.96 895.64 1361.2 1513.16 1525.48 1553.36 1685.44 2017.84 1475.52 1759.92 1888.88 2389.2 1801.6 1110.24 1234.4 1882.04 2602.72 2577.8 2096.48 1685.92 1504.84 1330.6 945.56 673.36 913.32 930.76 594.44 491.84 397.4 305.16 301.32 281.24 280.12
211.56 241.36 267.8 229.84 133.72 78.08 43.08 40.48 63.68 163.04 294.24 394.08 296.84 170.12 47.12 59.56 61.08 67.44 73.2 153 280.32 342.92 418.52 493.52 518.84 488.88 595.6 976.76 971.04 837.68 599.64 463.68 151.08 131.32 113.76 110.24 110.24 115.28 118.08 140 400.64 417.84 369.2 357.52 395.44 882.2 739.84 574.88 537.16 668.32 826.96 1323.4 1330.28 1510.32 1513.44 1758 2117.32 1727.6 1294.52 1448.68 1769.36 1862.68 1264.32 910.24 1280.2 1794.36 2335.88 2315.6 2180.4 1618.36 1189.36 1090.8 1367.68 1444 1242 1003.64 560.48 295.84 289.8 262.72 238.4 309.96 285.56
282.56 312.72 297.6 246.32 181.8 114.92 46.92 33.72 38.32 55.4 69.64 72.12 61 35.84 47.24 63.88 66.56 70.68 77.28 103.08 166.96 201.52 305.4 379.52 384.72 494.52 697 1005.64 876 803.72 684.88 335.8 159.56 129.56 118.36 116.36 120.12 121.04 127.04 177.12 436.2 387.48 424.96 328.32 681.28 1021.04 1416.96 1017 627.8 608.96 998.88 1492.36 1535.4 1514.2 1492.6 1708.96 2022.8 1406.24 1018.32 1604.84 1768.56 1328.08 941.16 1194.56 1837.44 1947.72 2542.04 2831.84 2739.16 2362.56 1619.64 943 834.36 662.04 525.52 459.24 523.32 498.4 340.44 302.2 269.76 220.4 241.76
359.08 414.04 336.28 283.2 242.28 150 55.8 37 39.92 42.92 45.72 53.36 45 35.24 46.32 64.28 67.52 73.96 80.16 85.44 92.2 150.24 209.8 296.48 326.96 363.52 663.2 661.4 625.08 611.12 418.04 181.12 148.4 132.16 119.24 118.84 125.2 127.16 137.96 251.12 381.68 431.32 318.52 444.36 821.4 1128.64 1271.96 735.44 606.88 679.92 965.04 1230.84 1512.04 1488.24 1602 1834.92 1858.72 1664.72 1360.04 1100.44 1371.12 961.12 1080.8 1672.8 2178.64 2399.04 2987.08 3194.8 2651.76 2480.84 2309.68 1253.4 737.96 490.84 368.04 574.88 899.88 607.76 345.72 304.56 271.48 194.04 165.52
536 566.32 425.52 305.12 286.72 127.68 58.6 47.76 49.28 50.08 54.48 63.32 55.36 47 51.76 64.28 67.76 77.12 82.92 86.92 96.68 121.72 161.48 259.24 233.96 190.88 294.36 298.44 411.4 403.72 235.56 167.84 166.12 144.48 128.64 135.52 145.84 144.64 158.24 419.4 335.56 365.24 362.88 678.88 781.88 1140.96 870.04 654.8 637.44 809.08 938.88 1313.08 1453.36 1452.28 1739.16 1720.4 1955.04 1795.96 1282.96 1065.84 892.2 1015.6 1423.6 2025.44 2361.28 2404.2 2861.6 2888.4 1911.4 1549.76 1677.32 1087.68 666.48 648.48 470.16 632.2 943.08 629.4 303 233.6 172.48 142.64 139.72
596.96 594.4 513.04 319.6 245.36 66.52 88.04 75.08 54.96 56.16 58.04 58.64 61.52 59.68 60.52 63.56 64.96 83.24 99.84 98.44 105.48 113.68 125.36 132.32 131.2 140.76 156.72 210.56 200.48 209.88 174.52 176.32 176.44 145.08 127.64 133 140.28 140.56 167.28 537.08 605.44 456.76 497.64 766.4 1232.84 1055.84 937.8 777.44 698.88 804.44 1000.56 1574.72 1196.6 1586.04 1765.76 1638.68 1733.68 1359.16 1691.04 1390.52 991.44 1361.68 1320.8 1275 2303.52 2538.48 2585.32 2394.68 1756.52 952.28 883.2 756.28 943.76 834.92 680.4 964.96 831.56 393 238.12 142.76 139.28 151.08 157.24
538.68 524.52 498.16 433.6 295.36 285.88 307.64 184.56 64.32 59.32 60.08 63.56 68.52 64.6 69.4 70.12 70.04 86.04 130.96 136.96 155.92 156.84 171.6 189.76 156.48 159.12 148.8 159.8 164.2 173.64 185.32 185.36 162.28 137.8 132.92 135.32 138.8 148.76 161.92 345.52 673.92 653.6 692.76 1054.64 1041.16 883.44 748.04 670.24 755.68 965.12 1160.52 1595.28 1247.32 1681.8 1408.32 1592.96 1574.32 1919.6 1186.32 955.48 776.48 870.48 969.92 1625.52 2661.4 2738.64 2164.12 1747.84 1388.32 904.52 1503.16 1716.72 1461.32 1017.24 936.28 695.28 500.24 250.92 148.04 152.12 178 196.64 200.56
565.12 581.92 558.2 500.88 542.68 434.4 393.48 283.68 162.6 72.04 63.72 63.92 62.24 61.16 64.2 73.76 80.44 95.6 116.84 143.6 194.92 202.56 166 207.16 195.16 171.08 159.8 172.68 191.44 216 207.32 179.68 148.92 132.24 134.68 139.28 146.68 157.36 212.84 457.4 853.12 630.52 929.44 946.16 1302.24 1003.56 1088.76 795.32 697.12 955.68 1479.68 1529.32 1376.6 1391.56 1673.6 1764.6 1016.68 1211.44 1113.64 782.96 1050.48 1188.2 1322.52 2358.16 2562.48 2074.04 1700.6 1195.64 1291.52 1733.28 2254.08 1966.44 1080.36 777.32 647.48 404.16 289.32 168.12 147.76 177.72 229.52 295.52 290.16
632.52 617.4 656.68 634.32 580.08 454.84 396.56 391.96 297.56 116.64 80.6 69.2 63.56 64.2 69.6 83.48 92.04 123.96 149.56 179.16 171.24 185.04 173.52 204.84 205.28 185.92 172.68 204.52 222.8 236.56 198.48 180.12 155.32 160.76 155.44 157.84 177.76 314.32 458.96 538.56 766.44 837.2 1135.12 1305.96 1185.76 1131.32 987.52 701.96 841.2 1328.64 1804.16 1401.68 1137 1523.36 1950 1667.96 1468.04 938.48 801.76 837.24 1166 1403.72 2084.2 2293 2247.08 1636.6 1651.6 1930.52 2388.04 2474.12 2383.48 1809.8 1319.56 840.24 491.4 378.84 283.92 163.52 238 234.24 247.96 302.36 309.2
710.12 783.24 761.12 631.32 547.64 503.88 454.6 433.48 339.64 189.52 161.68 109.56 82.8 72.6 74.92 82 94.68 124.84 160.84 224.32 250.4 261.4 247.08 220.12 200.04 194.28 200.2 208.56 206.44 202.84 168.12 156.84 151.8 155.56 181.6 296.88 389.84 503.16 667.92 781.08 936.32 992.84 1122.44 1185.6 1071.88 885.6 746.44 790.32 1138.6 1578.28 1795.04 1222.48 1476.96 2043.16 1884.12 1497.08 1422.6 886.8 719.24 1006.96 1268.24 1732.72 2127.24 2109.24 2267.16 1918.88 2340.12 2530.44 2326.48 2162.16 1617.92 1354.88 960.6 474.48 318.08 279.08 163.16 183.6 277.4 272.96 280.2 304.8 306.12
802.2 888.92 875.24 763.92 671.6 591.16 512.96 448.08 316.08 231.96 139.36 94.44 93.36 80.24 91.16 82.68 103.6 98.12 113 154.32 188.72 196.56 206.28 210.48 203.44 213.84 208.72 220.04 207.84 172.4 154.64 162.12 160.84 227.36 362.76 342.28 390.24 572.52 983.64 685.6 747.4 1197.68 1113 1098.28 936.04 799.76 759.6 1011.56 1519.32 1403.68 1230.6 912.88 1664.04 1599.52 1756.24 1649.28 869.92 679.56 986.88 914.52 1302 1836.72 1900.72 2151.08 2768.64 2559.6 2649.08 2360.04 1759.72 1485 975.84 870.56 501.88 302.08 268.16 198.28 138.2 178.12 225.64 252.72 288.08 302 304.28
855.48 920.52 842.16 799.48 727.48 708.64 614.68 425.68 372.92 231.44 177.72 116.2 112.08 106.4 127.16 164.96 156.4 179.48 156.28 138.36 146 154.28 166.64 200.08 229.52 243.44 238.32 226.64 202 182.72 184.56 193.72 278.16 366.72 372.44 334.16 373.68 543.16 920.8 1020.64 813.16 1174.64 1174.6 1046.28 1133.56 775.76 922.56 1431.8 1425.4 1531.24 1132.64 999.8 1547.6 1232.56 1649.36 1182.48 840.16 917.04 1259.08 819.6 993.88 1285.4 2031.56 2602.4 3237.44 2766.68 2172.52 1722.08 1521.96 795 706.52 561.32 317.48 286.8 141.84 131.24 145 178.52 205.56 216.68 223.2 303.88 305.28
938.88 880.32 835.52 822.6 777.4 675 600.2 601.96 489.52 350.28 227.32 164.68 148.64 147.56 149.44 180.12 246.92 253.72 216.36 265.4 256.76 260.92 222.44 214.16 233.56 260.96 260.56 226.72 195.04 213.32 260.48 312.92 323.96 355.64 461.88 369.92 457.36 787.88 1233.88 1813.32 1179.4 1161.84 1326.52 1137.64 973.52 930.28 1300.8 1737.52 1882.76 1725.6 1353.68 941.08 997.92 974.72 1009 879.4 754.28 1125.08 1839.12 1257.56 884.56 1632.2 1930.24 1841.08 2415.8 2523.6 2114.16 1401.44 783.16 591.64 333.88 314.8 299.88 188.64 126.12 143 162.2 189.8 199.68 199.6 204.36 255.68 273
897.08 836.92 811.48 805.84 825.76 792.72 731.12 695.16 625.56 360.24 249.72 211.4 169.76 188.08 159.48 192.2 213.68 238.36 245.24 240.96 332.36 352.12 352.6 338.84 277.44 258.04 232.52 212.52 230.2 246.64 282.92 324.6 334.24 488 553 615.88 1006.12 1533.16 2267.12 1984 1679.76 1726.32 1388.8 1147.32 911.48 1372.52 1680.56 1978.84 1643.24 1420.88 1419.92 1579.12 923.8 816.44 712.4 867.36 1036.2 1878 1660.44 1041.28 1227.84 2270.72 2017.68 1120.8 1386.52 2025.44 1786 1322.88 941.28 757.08 320.72 268.08 205.6 131.48 122.76 154.28 178 190 200.68 203.32 206.92 215.08 221.04
986.12 905.16 922.76 900.76 835.96 781.68 710.68 636.76 508.68 317.36 303.88 239.52 181.52 177.44 146.24 197.32 232.68 250.76 291.72 320.92 325.6 397.68 401 400 309.28 259.04 245.6 284.92 290.12 307.72 345.52 384.76 445.16 611.52 932.4 1224.84 1679.2 1737.64 2006.68 2437.32 2412.16 2248.12 1634.8 1238.32 1187.4 1253.8 1825.8 1775.32 1312.64 1116.28 1102.8 1019.92 1152.88 880.76 1108.88 964.68 1324.04 2015.68 1119.68 1218.28 981.72 1608.16 1890.88 822.28 1521.28 1752.36 994.8 727.24 1196.24 510.52 305.92 283.4 207.52 141.56 129.24 159.6 179.6 192.32 203.04 207.48 212.92 221.56 220.92
1080.8 1016.4 967.64 924.32 870.4 757.56 693.72 635.08 574.6 419 382.6 283.88 186.48 172.24 138.4 154.28 171.68 218.6 221.16 266.52 296.6 351.84 414.48 388.88 288 305.72 402 386.16 331.64 337.76 519.16 558.84 688.16 967.28 1337.48 1187.28 1501.36 1506.56 1670 2321.96 2492.96 2558.48 1867.28 1416.16 1210.84 1437.2 1905.72 1822.84 1548.16 1221.32 1075.64 1227.52 1051.6 1073.16 1460.76 1096.24 1721.28 1912.28 1222.52 1898.16 1261.92 1026.84 1441.96 684.24 792.8 703.36 458.88 705.68 826.76 337.16 297.12 241.72 177.52 135 136.88 159.56 176.92 192.44 202.96 212.2 220.56 228.88 224.8
1155.2 1181.8 1118.92 1013.76 919.68 796.76 711.76 684.52 602.96 553.76 399.96 295.4 265.8 256.2 232.68 159.6 152.76 160.32 196.12 241.56 272.28 342.48 408.24 411.48 412.64 479.48 431.92 408.64 432.08 557.8 1022.08 1090.48 933.04 1140.56 907.6 1189.08 1564 1856.8 1544.28 2060.88 2531.76 2442.36 1961.56 1523.56 1338.4 1705.44 2125.4 1758.2 1411.88 1182.8 975.36 1120.68 1024.44 1216.04 1401.68 1253.64 1489.68 2046.28 1660.24 2089.48 1462.56 799.12 1007.88 715.64 883.76 751.8 439.52 692.96 407.96 289.64 256.8 186.32 133.6 124.52 138.52 158.28 176.96 192.96 203.2 212.64 225.88 240.72 244.76
1232.8 1211.88 1159.44 1010.76 905.8 759.44 723.96 669.24 610.28 539.2 459.48 466.88 532.48 440.44 316.44 196.96 189.64 164.68 163.44 198.8 230.36 317.68 438.56 497.08 404.44 416.96 420.04 486.84 558.08 895.64 1496 1313.76 1218.2 1053.76 845.04 819.36 992.52 1035.04 1065.84 1713.72 2036.28 1823.6 1745.72 1431.52 1639.72 1840.16 2041.64 1705.56 1651.76 1136.24 1182.52 1161.36 905.28 1156.56 1462.32 1917.28 1884.96 2432.8 2620.88 2033.48 1326.68 1163.92 1203.16 1095.2 1055.24 905.88 467.48 372.48 304.6 297.04 246.04 186.96 133.52 130.2 142.64 163.2 173.72 185.92 195.52 203.32 215.6 230.48 248
1238.96 1168.88 1064.44 935.6 820.76 771.68 756.28 760.8 731.84 715.6 534.92 550.16 438.08 450.64 323.48 223.48 204.16 227.88 227.6 283 295.4 344.68 351.44 342.24 384.28 407.08 487.04 624.76 861.32 1099.48 1183.52 1141.36 814.72 1373.36 763.68 993.52 1781.6 1847.6 942.96 1608.96 1506.28 1623.08 1445.8 1341.8 1293.08 1917.44 2298.32 1615.56 1109.12 980.16 1331.04 1161.8 1150.96 1251.04 1409.48 1907.68 1947.72 1768.52 2510.56 1748.44 1685.44 1280.48 1191.2 899.36 917.6 512.56 321.88 251.2 255 244.68 211.64 173.24 135.2 139.12 154.48 159 173.56 186.92 195.52 198.12 201.48 221.24 287.96
1231.2 1164.96 1094.36 1014.24 888.52 922.2 830.88 789.44 798.52 924.72 944 773.92 617.68 508.48 329.56 281.48 265.68 266.48 268.48 262.28 392.76 491.88 298.2 353.68 422.08 560.24 630.8 1053.84 1204.24 1264.32 1046.68 956.96 757.8 678.96 1272.28 1390.96 1900.96 1938.68 1161.8 1210.64 1212.32 1231.52 1188.12 1217.4 1704.6 1951.44 1933.08 1313.32 1148.28 1470.72 1677.88 1605.76 1081 1336.28 1803.6 2077.6 1733.04 1386.92 2018.44 1083.48 1025.32 655.64 854.32 648.84 563.84 388.6 276.76 226.28 201 174.24 161.72 141.32 125.2 134.52 150.6 160.6 170.08 187.76 196.12 197.2 197.88 209.72 261.2
1144.08 1079.56 1023.04 988.88 928.92 948.04 916.92 885.4 879.96 864.84 952.04 871.88 638.96 498.52 470.8 429.6 337.28 270.84 270.8 278.6 535.68 413.28 339.6 452.6 567.44 715.36 1266.48 1382.56 1058.64 965.8 1011.72 622.2 666.44 1018.84 1268.04 1620.6 2242.52 2084.32 1361.2 1475.92 1313.12 1153.88 1246.16 1346.32 1598.12 1814.08 1639.56 1372.88 1056.48 1207.72 1487.08 1884.24 1270.24 1340.36 1836.32 1649.52 1452.2 1223.6 1690.2 1027.08 961.72 1158.68 1441.56 1070.88 717 347.88 231.8 197.44 192.88 151.84 128.44 130.88 140.24 141.36 148.2 157.48 169.04 184.24 201.72 238.72 225.44 205.08 212.4
1029.56 972.96 950.52 1025.96 914.92 1078.28 1068.88 1054.6 1009.68 1018.4 927 852.8 647.52 552.12 478.04 473.88 363.72 275.12 319.08 304.24 406.56 624.76 521.96 688.48 889.68 1087.68 1514.8 1201.84 1061.32 898.48 1003.88 619.2 874.04 1321.48 1366.08 1703.36 2129.48 1816.48 1754.68 1376.24 1150.16 1277.76 1205.12 1601.12 1794.4 1320.48 1672.88 1306.56 1150.4 1223.08 1633.96 1529.92 1299.4 1567.08 1852.68 1526.88 1386.84 1404.08 1089.12 912.32 1262.4 1573.6 1269.8 898.24 486.96 281.24 203.84 168.88 160.12 132.96 131 156.6 181.28 181.12 179.92 196 184.96 212.2 205.6 251.56 238.44 211.76 208.72
861.76 800.04 772.84 967.28 979.44 1243.4 1267.96 1202.96 1216.88 1077.36 998.52 921.4 695.2 740.64 573.92 391.88 368.68 374.4 417.76 361.32 471.32 822 866.52 1180.2 1255.16 1093.44 1292.32 1429.44 1379.44 822.04 893.4 630.36 918.36 1066.48 1622.48 2011.4 1536.4 1301.08 1926.96 1383.68 1269.04 1352.96 1287.16 1776.28 1432.04 1206.8 1475.76 1238.6 1330.44 1360.04 1470.04 1380.48 1248.4 1801.68 1810.68 1642.2 1924.68 1531.92 1246.72 1549.12 1715.32 1555.96 982.76 604.52 315.04 205.08 135.36 130.72 126.72 126.2 147.36 173.84 197.04 215.84 227.8 293.96 264.24 287.2 244.76 194.44 203.32 207.12 222.6
747.2 647.48 699.44 853.52 712.4 1056.04 1303.68 1223.56 1185.72 1226.8 1132.32 971.8 749.12 701.92 733.68 449.28 535 422.24 525.08 486.96 519 919.32 1043.08 1391.6 969.56 1104.08 1004.96 1509.16 1600.28 907.64 577.52 877.48 1066.72 1437.04 1698.6 1278.36 1010.6 1426.12 1972.32 1257.44 1492.48 1190.4 1194.12 1610.56 1238.76 1100.56 1345.92 1556.88 1615.16 1493.72 1535.6 1426.72 1394.8 1939.8 1944.24 1971.6 1893.72 1668.08 1773.68 1800.64 1434.6 1237.24 871.76 426.72 236.92 140.8 119 120.64 121.6 138.16 179.08 219.76 225.8 249.96 273 300.56 305 302.72 241.96 194.16 197.2 216.04 240.96
686.8 514.52 509.68 577.24 452.72 831.52 1427.28 1360.24 1406.88 1242.48 1142.04 1026.52 852.44 819.36 800.84 504 591.32 570.56 555.4 593.88 837.4 1247.48 918.8 1023.36 880.2 924 1099.24 1062.84 889.36 610.2 626.2 984.56 1295.84 1652.28 1131 1059.84 1364.92 1606.2 1503.4 1200 1364.64 1114.36 1236.6 1400.56 983.2 1353.16 1764.88 1556.12 1686.2 1383.44 1635.44 1641.92 1550.72 1985.4 2320.28 2033.96 1758.76 1558.24 1362.44 1353.8 1408.24 1026.48 550.8 259.08 146.6 118.76 152.28 165.36 140.92 160.92 203.72 264.04 287.76 288 308.6 303.4 305.24 293.4 221.08 192.76 203.12 222.44 247
353.88 209.08 237.16 218.24 452.4 807.72 1176.6 1271.96 1490.56 1444.16 1260.32 939.36 1032.08 1016.12 887.68 634.16 550.08 633.12 988.28 1089.44 1080.88 1121.68 946.48 802.08 761.4 699.72 1276.32 532.96 570.2 958.24 1484.88 1200.32 777.56 932.2 950.84 1379 2176.16 2029.96 1309.08 1439.84 1247.4 933.8 1089.24 989.44 1067.2 1645.92 1504.84 1545.96 1497.84 1475.44 1773.04 1839 1672.52 2289.24 2276.16 2202.72 2127.48 1974.36 1327.12 831.96 950.32 566.12 292.64 222.72 125.92 133.64 204.32 304.36 320.6 235.84 241.64 259.28 281.44 300.64 332.44 304.76 304.2 259.64 202.64 213.04 243.76 244.6 246.6
305 382.6 550.12 607.24 756.04 774.32 894.84 1006.68 1157.6 796.76 541.72 260.92 352.6 464.96 547.24 698.68 1099.44 1064.16 892.16 1031.16 747.8 823.64 989.52 551.68 749.84 532.28 714.64 658.88 1254.2 1391.68 1382.64 925.16 1049.8 1661 974.76 1125.56 1785.68 1509.84 1034.88 1182.68 1120.12 926.32 973.76 973.64 1161.52 1669.96 1350.2 1596.64 1645.68 1743.68 2098.92 1932.88 1890.72 2197.32 1747.76 1518.72 1731.48 1856.96 1373.2 976.92 567.6 379.28 241.72 184.04 118.8 153.92 210.84 265.44 295.52 297.52 300.88 299.92 305.52 355.92 346.4 298.64 271.8 203.76 206.84 247.56 287.44 299.8 330.6
132.92 303.76 358.48 416.16 484.6 451.68 346.12 445.84 507.96 426.6 301.84 376.04 741.8 783.2 798.64 776.24 1097.72 738.08 674.8 710.56 436.12 734.52 410.04 520.16 501.16 462.72 587.08 627.52 1001.44 1301.04 950.92 825.4 1131.92 1673.24 1164 1490.32 1871.44 1278 1033.72 1145.84 930 959.32 884.24 963.12 1175.16 1474.4 1375.92 1487.44 1645.24 1743.4 1985.68 1405.92 1453.8 1743.24 1315.48 1161.36 1147.76 1407.4 1131 815.08 421 255.64 187.52 144.64 124 161.8 211.2 259.72 294.56 298.2 304.68 305 305.64 305.56 299.96 272.84 212.72 203.48 237.64 282.36 332.36 448.12 512.52
17.76 68.68 177.96 320.64 184.16 374.96 274.76 351 393.88 366.08 405.2 564.92 394.6 269.68 456.56 744.16 481.2 333.52 566.96 289.2 256.68 181 246.68 360.08 253.52 534.08 281.08 731.76 974.92 961.92 741.08 1283.32 1117.88 1269.12 1651.12 1798.88 1658.36 1071.76 1016.8 1006.64 923.64 1125.64 1067.12 941.72 1514.84 1273.36 1374.24 1438.12 1447.32 1699.48 1733.12 1189.04 1334.96 1312.76 1000.4 1063.24 832.6 1608.56 1136.32 636.36 263.12 197.96 178.84 118.68 138.84 179.8 232 285.48 308.16 304 303.16 305.24 304.6 297.4 299.24 245.72 192.12 235.68 276.16 307.04 490.08 648.84 588.4
10.8 12.04 13.64 17.84 19.36 31.96 105.28 102.96 103.28 115.4 217.36 221.4 111.72 174.48 378.56 229.92 125.12 205.84 202.32 103.44 128.68 111.52 331.72 210.6 362.84 503.6 355.64 1055.92 938.88 508.8 889.12 1059.56 924.72 1452.76 1981.36 1641.56 1080.24 907.92 1176.36 935.48 871.92 1081.48 1100.08 1120.2 1415.48 1276.6 1147.92 1324.6 1115.52 1223.12 1560.16 1092.84 1016.52 1033.08 1048.88 647.36 1298.92 1446.56 673.64 342.68 218.96 171.16 165.8 132.6 143.12 178.92 227.76 255.56 274.76 297 301.8 302.84 266.88 238.4 211.6 176.32 201.8 253.72 291.24 340.56 539.72 767.72 758.48
11.48 11.64 11.96 12.6 15.6 16.48 17.8 18.84 29.76 20.12 37.6 42.48 56.08 60.2 33.72 95.6 53.8 51.56 48.84 51.56 79.44 93.36 208.92 268.16 531.44 272.24 396.36 1103.92 507.6 768 768.88 616.72 1156.2 1315.68 1830.88 1120.04 835.44 912.04 991.36 812.52 818.24 1030.44 1047.6 1041.48 1062.16 1484.36 972.48 1339.84 1080.32 1147.08 1811.72 1393.2 1269.56 834.6 925.84 669.36 1281.2 925.56 488.4 248.56 179.92 137.44 183.64 176.44 157.36 175.48 208.44 220.36 239.08 263 239.16 224.76 171.12 169.12 175.2 186.92 212.88 240.12 289.32 425.68 585 603.64 1239.96
11.68 11.52 13.04 13.16 14.92 21.56 13.84 12.76 14.12 14.92 21.4 23.32 33.56 27.8 47.48 73.8 41.56 31.84 35.36 41.48 64.12 97.2 169.32 577.96 335.4 293.56 788.72 1000.2 437.24 536.08 672.24 645.8 1004.56 1499.96 1316.16 869.24 795.96 807.28 835.08 804.56 815.4 933 861.44 969.76 1434.48 1275.64 936.4 1197.16 985.76 1158.8 1746.84 1410.16 967.44 783.52 771.8 583.16 825.88 598.32 340.16 212.76 167.84 151.24 165.56 171.28 161.96 166.4 177.88 180.4 190.88 193 175.4 163.28 169.44 184.04 190.64 200.08 213.44 246.64 291.72 459.76 576.08 479.96 681.44
11.92 11.8 12.32 14.32 13.92 46.52 15.44 14.76 15.04 23.84 17.44 23.08 24.44 32.12 41.52 39.24 27.04 40.32 38.4 49.64 60 182.08 495.28 719.48 430.12 352.36 920.16 477.8 901.04 572.12 535.44 867.76 1241.72 1141.88 1060.32 813.76 801.72 816.08 791.08 799.08 790.36 811.04 911.68 1082.92 1643.88 1040.76 910.48 1030.08 1075.6 851.76 1018.84 1205.28 1132.8 732.68 598.12 619.84 921.68 526.4 226.16 162.84 155.08 128.28 126.56 132.6 139.52 147 150.44 150.4 156.2 165.6 160.12 167.92 178.4 193.6 212.72 228.68 258.68 280.8 301.28 319.92 323.4 358.04 432.32
10.88 11.52 12.52 14.36 26.28 33.28 17.32 16.44 32.68 22.32 18.16 22.28 22.24 24.52 27.88 28.84 38.28 51.56 29.68 38.36 80.08 203.48 720.2 692.6 375.96 372.44 575.12 472.32 592.96 541.96 749.76 701.28 822.92 1200.4 919.08 793.32 794.92 802.92 790.16 805.32 866.24 872.24 934.92 1060.76 1389.8 952.68 849.4 1121.72 1365.92 887.48 736 1156.52 924.52 749.36 571 938.48 807 331.2 167.32 127.92 125 114.92 119.04 123.2 132.36 137.92 142 147.2 149.64 154.16 156.64 177.76 191.36 197.84 208.96 239.44 284.64 297.32 294.48 300.44 293.68 302.68 315.96
11.2 12.08 18.44 21.32 36.64 23.08 14.84 19.84 59.48 19.84 21 21 21.24 22.8 24.92 27.36 53.88 33.76 25.92 43.76 186.68 296.72 668.16 380 381.44 599.68 596.72 550.04 660.84 469.04 771.12 729.48 1175.44 1397.88 899.64 784 776.36 779.72 778.52 871.6 1105.88 925.88 927.76 1090.72 1331.12 904.08 803.48 1070.16 1239.48 910.88 661.28 1050.44 604.44 542.32 640.08 913.56 488.56 189.2 129.52 119.12 113.72 116.96 135.52 136.2 143.36 149.72 151.56 159.8 170.32 168.68 170.32 188.88 207.28 212.6 210.36 230.04 246.4 292.24 293.84 280.04 261.44 275.52 300.04
13.84 19.76 16 28.92 30.88 18.92 16.32 23.92 26.44 15 19.08 19.08 22.44 20.12 19.4 31.8 40.64 64.96 37.44 117.36 206.68 358.8 500.72 327.68 455.12 591.04 313.48 653.68 550.8 508.08 710.84 955.44 1298.96 1330.92 815.96 774.52 773.4 781.68 772 801 818.8 885.72 967.68 1195.8 1464.6 1226.24 823.2 813.96 1082.76 939.08 736.24 856.88 455.92 341.76 531.32 614.88 320.92 139.4 113.76 116.08 118.28 119.4 139 154.72 157.2 167.36 171.32 176.6 193.96 196.08 202.8 211.28 231.8 242.24 236.36 285.48 298.04 309.64 266.04 246.64 253.8 274.92 297.44
