eomf-prod/eomf/data/ecohealth/dem.asc
ncols         992
nrows         717
xllcorner     68.144226
yllcorner     5.633471
cellsize      0.041667
NODATA_value  -9999
[rows 259 to 295 of 717, columns 332 to 414 of 992]
390.72 399.6 385.4 400.12 409.32 416.84 328.44 236.6 220.92 220.32 241.36 267.04 271.84 236.04 273.16 282.04 263.56 283.16 292.28 291.12 299.72 298.96 304.44 305.88 304.48 302.28 297.68 297.44 303.32 307.8 313.72 319.6 317.52 357.4 358.48 353.28 362.36 390.56 439.08 441.6 464.08 461.64 391.68 437.24 465.52 394.64 243.12 361.76 188.36 111.92 127.6 126.88 125.4 123.96 124.56 121.44 122.84 117.36 114.84 112.44 107.08 105.44 103.08 165 217.24 110.08 115.68 113.56 114.28 111.2 109.44 105.16 105.32 102.6 109.08 108.92 118.32 125.92 128.52 124.68 134.48 117.64 118.84
399.08 422.28 428.32 428.12 422.32 425.72 432.36 259.56 247.56 252.76 257.12 269.2 282.56 266.4 275.96 307.72 307.6 295.24 328.84 286.68 303.68 333.96 358.96 343.4 328.76 326.88 305.8 299.56 306.4 312.84 312.6 322.84 368.4 369.08 385.64 391.52 405 424.92 416.64 434.76 510.08 493.04 487.84 475.84 520.68 397.88 352.04 186.88 113.16 120.64 130.28 131.28 129.8 132.04 132.6 128.68 129.32 127.28 127.36 124.64 121 123 128.2 127.88 129.4 121.56 120.12 120.48 118 120.96 119.16 112.68 110.8 108.88 114.56 119.32 133.84 140.12 138.64 139.6 140.56 136.88 135.52
379.04 387.52 372.48 361.8 368.12 325.84 324.8 317.32 311.36 291.8 279.44 295.8 311.4 323.36 347.6 347.6 276.2 209.68 185.76 181.84 188.36 183.88 213.36 236.52 238.08 219.72 232.48 298.52 301.04 304.44 317.04 352.84 408.96 437.36 459.24 468.84 408.08 472.6 498.52 519.6 543.16 551.64 523.64 519.68 396.44 345.76 318.04 153.28 114.16 136.04 143.56 139.56 140.08 140.08 139.96 138.4 140.36 138.64 138.56 141.24 138.2 162.12 225.76 175.24 150.44 140.2 133.2 130.08 125.52 130.08 130.16 126.08 118.2 117.96 120.96 129.28 146 155 152.88 160.72 157.64 159.2 215.36
338.84 316.64 317.2 323.6 283.2 248.56 238.48 272.96 262.24 269.92 273.72 328.28 376.88 392.52 352.6 254.44 200.56 196.92 211.12 214.2 253.08 268.84 263.88 174.56 179.72 169.64 211.52 371.6 406.96 418.8 408.52 396.68 411.64 480.16 504.12 519.84 514 530.52 512.12 532.08 472.28 513.92 350 243.88 146.6 140.36 124.4 110.96 121.28 140.88 148.36 151.28 155 157.72 150.36 146.84 174.04 157.4 163.12 217.64 252.72 267.24 255.92 207.96 195.36 171 140.8 129.88 132.48 135.68 136.32 130.12 128.28 127.12 129.4 137.44 151 157.88 160.56 181.6 196.48 238.12 268.68
245 249.04 253.44 249.2 242.36 238.72 247.28 230.68 216.28 221.68 232.2 210.8 232.4 244.16 219.6 245.24 266.24 277.88 254.88 305.36 305.24 255.4 236.8 194.52 158.8 153.12 340.08 523.8 504.92 487.92 415.8 419.2 376.32 378.52 360.4 326.6 300.8 200.52 177.2 223.72 161.96 155.72 138.8 129 126.84 123.32 121.92 122.16 132.64 150 156.56 166.92 198.6 230.28 166.36 160.12 183.24 211.92 250 278.72 328.92 297.32 231.96 179.28 165.68 151.24 141.68 140.72 147.36 148.72 141.96 142.6 139.96 139.84 140.44 147.76 163 177.36 178.08 189.12 221.6 277.28 333.32
228.12 233.72 237.68 265.24 266.52 267.76 243.48 217.24 235.56 254.76 279.56 264 253.76 308.76 308.12 349.04 387.32 391.52 347.12 366.92 330.28 252.2 217.92 240.52 192.32 179.32 201.56 320.24 215.16 198 186.64 166.6 158.56 162.16 176.56 204.44 192.24 172.52 171.04 174.68 163.96 139.76 138.48 132.68 136.12 135 142.16 141.12 146.2 170.92 176.56 207.56 234.72 212.72 178.88 208.84 258.24 305.12 317.28 301.56 297.24 271.88 221.04 174.8 183.28 175.84 221.88 174.32 159.64 156.92 151.48 157.12 170.44 169.76 173.64 163.64 178.96 232.2 235.84 229.68 265.76 270.12 288.56
275.6 273.36 283.96 288.84 268.04 251.68 230.6 275.2 308.44 330.92 345.48 330.6 354.96 387.08 394.16 366.4 333.64 303.56 286.64 272 279.96 255.68 258.08 222.24 229.76 212.84 210.4 179.2 183.96 193.04 187.24 192.4 207.48 214.28 219.6 205.6 198.68 213.92 245.32 297.12 231.32 176.16 198.92 159 144.72 138.84 162.04 205.6 173.76 194.52 201.4 254.2 222.08 199.32 229.64 236.44 241.68 237.56 225.68 212.92 200.48 192.68 187.32 187.6 206.36 196.12 186.4 173.84 165.44 164.32 167.64 170.76 199.12 192.84 224.6 191.04 192.6 250.2 302.52 324.08 357.4 387.12 394.32
293.28 313.28 339.4 349.96 279.56 241.2 256.44 298.16 354.56 403.2 434.12 408.48 376.2 352.12 332.08 321.36 306.4 299.24 282.16 261.68 251.8 247.16 252.28 209.08 188.6 227.24 250.64 235.36 211.24 236.52 240.16 266.12 237.68 215.72 225.12 224.4 246.84 197.36 215.72 211.56 219.36 219.56 198.24 172.16 143.88 179.36 232.76 289.36 277 265.92 269.68 293.36 276.04 252.08 240.32 244.24 247.24 240.2 242.32 228.48 209.88 203.6 200.72 199.16 202.96 214.96 198.44 182.44 179.48 210.84 233.96 213.36 268.6 250.24 243.08 242.88 294.96 315.32 365.12 382.52 386.2 379.16 385.6
327.28 324.68 326.28 281.12 270.12 305.6 280.4 315.64 338.64 347.96 365.56 387 412.04 388.52 382.2 362.84 339.12 313.92 298.12 292.12 290.48 289.92 280.32 250.52 201.52 251.84 263.84 233.28 207.28 238.44 261.4 263.88 226.6 234.68 267.76 305.72 247.08 241.04 232.6 259.48 235.4 194.44 174.04 152.16 147.32 195.6 243.24 225.04 214.64 232.88 267.4 276.08 278.16 273.88 270.88 262.2 282.8 293.96 293.16 267.6 227.6 212.84 216.92 222.4 226.6 256.84 255.12 198.36 201.08 246.96 305.64 325.08 358.56 348.28 338.48 342.48 378.68 388.96 387.08 386.16 382.76 367.16 355.56
323.96 301.36 287.68 275.16 303.44 340.04 314.2 267.4 285.52 324.24 378.96 481.64 485.36 451.76 411.28 391.56 351 315.12 329.48 313.32 316.88 308.16 289.76 248.88 210.28 255.32 279.6 263.52 253.6 217.32 229.2 277.56 266.28 266.04 294.04 303.6 275.4 270.84 256.48 263.52 201.12 168.36 160.84 154.04 146.56 158.56 174.8 187.12 189.04 230.32 293.64 310.72 304.76 321.88 293.64 281.44 308.28 316.32 314.72 280.96 232.52 233.88 237.92 250.84 256.96 276.76 261 206 236.96 291.64 350.4 373.84 403.92 407.84 387.16 378.72 391.84 389.12 385.96 380.64 374.08 365.44 364.72
300.32 288.76 333.28 326.04 311.24 344.76 339.72 279.6 300.52 329.04 365.36 402.8 421.84 441.88 412.04 405.2 361.6 331.76 366.44 339.28 351.08 329.4 301.32 289 253.28 251.44 292.88 302.68 297.4 284.64 238.56 266.08 263.32 264.8 255.64 255.56 232 220.52 208.2 193.68 180.52 187.56 208.56 182.04 154.8 181 188.16 211.84 227.48 250.2 301.96 317.96 326.44 363.84 355.48 343.28 367.4 374.4 331.88 278.12 243.72 257.84 280.28 291.08 320.4 350.64 345.44 219.88 274.24 338.36 382.4 393.36 409.36 415.28 398.4 396.28 397.8 407.48 406.4 390.44 384.36 380.68 385
287.96 312.28 346.48 392 402.04 381.08 352.6 391.56 429.36 382.72 378.4 382.56 399.52 381.88 367.8 376 352.92 341.64 359.32 368.56 362.52 361.16 339.4 322.48 262 261.2 304.4 335.88 328.68 272.56 221.8 204.44 221.84 231.04 242.28 257.92 263.84 250.32 229.08 214.52 202.48 227.28 261.08 207.68 175.08 164.92 182.84 222.28 294.68 288.92 277.32 291.36 305.44 339.6 338.28 346.24 387.72 379.72 334 308.28 292.88 294.52 325.88 361.72 389.2 383.8 299.28 280.56 352.88 398.64 409.16 420.08 421.6 431.64 410.96 411.48 414 427.88 418.12 397.96 396.24 408.16 418.24
326.64 391.64 432.12 469.72 426.08 401.72 371.56 365.08 389.76 385.44 388.52 387.52 383.88 382.04 417.88 408.44 377.72 373.08 348.72 266.36 240.4 278.04 263.24 251.84 223.28 264.64 308.64 291.4 258.32 251 228.56 208.68 257 272.56 288.32 287.68 329.04 318.2 267.6 247.28 241.4 227.08 251.52 227.08 204.32 164 159.12 177.8 197.04 220.24 233.72 248.8 261.04 259.8 268.72 289.96 304 321.04 347.68 354.04 371.04 368.08 337.96 355.68 382.84 387.16 341.72 379.6 407.08 426.84 427.92 438.68 437.68 436.68 431.12 426.28 432.16 506.64 467.92 417.04 413.76 428 439.88
323.88 384.16 436.12 436.08 412.56 403.44 385.44 386.2 396.76 404.24 404.68 376.36 324.88 373.28 478.52 429.24 383.64 411.28 352.32 227.48 210 210 210 254.44 280 331.96 325.4 304.68 284.2 267.32 251.72 239.88 229.68 260.84 286.52 330.96 340.2 304.04 263.68 232.76 219.2 210.44 196.96 188.04 175.28 177.96 172.4 161.8 175.16 196.36 210.4 223.92 235.2 242.44 259.04 271.24 293.92 307.72 322.88 310.8 366.52 385.04 381 384 378.32 390.6 394.36 384.92 426.64 451.28 451.6 459.52 476.04 462.92 470.32 449.96 445.44 459.16 480.32 506.96 469.28 475.88 494.72
369.6 365.56 415.12 452.88 420.24 421.64 406.56 407.36 413.6 435.92 450.72 432.88 351.8 313.56 327.76 318.96 296.84 294.48 261.36 215.8 210 210 215.28 234.08 292.36 329.44 349.6 330.84 302.68 298.16 279.68 240.04 251.92 274.08 300.84 318.96 314.52 298.52 273.88 248.56 228.48 232.8 219.88 228.24 213.76 201.8 185.6 175.6 194.32 212.56 203.28 214.88 222.76 230.2 236 246.8 253.24 260.8 262.2 277.88 296.88 303.16 325.44 349.36 362.48 414 453.36 447.08 455.2 463.28 480.28 502.44 512.52 484.68 475.6 480.16 461.32 469.24 513.28 550.88 556.52 554.4 555
391.72 401.8 418.76 453.84 440 437.52 424.64 438.44 430 458.2 448.32 407.16 336.24 302.44 279.56 281.24 268.44 244.6 210 210 210 227.16 260.04 280.96 325.96 348.64 354.56 333.16 322.28 312.52 291.88 258.52 281.68 298.24 304.16 311.24 336.68 343.44 313.52 289.68 276.64 310.84 259.84 259.76 240.08 211.68 200.64 196.36 221.04 222.28 211.2 218 222.92 230.36 238.28 239.72 247.88 260.96 268.92 268.84 272.08 293.16 327.84 371.36 404.4 454.2 467.44 482.44 487.8 501.28 513.72 534.44 533.12 529.68 514.96 503.84 509.64 531.52 555.04 578.08 574.8 568.84 566.52
393.8 407.44 406.2 416.16 418.04 422.64 449.96 460.76 474.32 485.56 386.48 380.56 328.44 286.16 271.96 257.36 232.52 225.88 210 257.88 281.6 283.12 299.24 308.64 347.76 377.72 391.32 381.68 358.92 335.4 304.92 282.6 288.52 296.76 314.6 324.52 326.8 342.68 354.2 368.32 363 317.4 309.64 288.48 256.6 238.16 230.04 203.52 228.8 237.2 235.4 246.72 247.84 245.64 256.88 265.72 282.04 299 300.56 283.28 289.48 284.28 324.04 394.6 409.16 431.36 463.28 490.92 518.84 533.92 536.36 545.72 559.08 567.92 571.16 585.76 608.44 597.28 585.08 597.2 593.44 580.8 562.08
409.52 499.12 419.92 381.96 375.68 388.68 409.16 446.56 472.48 501.4 369.36 298.96 286.08 283.76 284.84 269.08 257.2 282.04 263.8 304.8 346.16 325.28 317.48 337.92 353 383.36 387.92 371.8 352.84 332.96 325.88 356.28 397.52 346.84 336.16 369.36 388.8 385.76 408.16 437.44 492.84 474.12 404.64 362.44 333.04 303.44 292.4 277.56 285.2 271.36 233.72 240.64 265.44 238.68 279.24 298.72 288.44 307.28 322.32 339.8 345.16 298.52 307.32 322.12 389.2 432.2 463.32 489.16 505 526.52 563.04 508.04 519.04 592.84 587.92 615.24 632.24 616.84 610.16 610.08 607.36 590.16 599.76
472.48 559.84 552.36 483.4 404.32 403.72 412.04 422.36 445.4 550.12 592.32 379.6 303.52 304 328.2 308.6 290.64 295.12 342.2 374.44 357.8 361.4 362.44 358.12 367.12 399.44 399.44 378.84 401.12 369.4 348.64 376.44 401.44 387.88 418.08 498.64 416.44 387.12 431 504.92 550.08 512.12 419.52 367.64 338.8 332.76 336.16 333.2 334.84 340.92 283.48 237.8 235.28 260.12 253.2 289.56 331.08 348.6 404.2 448.84 437.64 414.44 416.68 434.96 468.04 493.2 494.4 507.72 541.16 556.12 548.04 525.96 479.44 526.32 561.76 510.08 534.64 595.12 608.48 617.04 608.28 613.6 585.8
533.04 648.04 632.84 584.36 512.96 445.4 407.52 435.28 502.8 558.68 659.64 678.96 403.84 305.2 337.52 360.8 345.04 302.04 342.28 370.92 378.44 385.36 404.08 400 412.64 425.28 436.64 412.6 386.2 370.76 390.48 410.6 458.72 468.8 463.88 431.36 399.76 391.44 404 457.8 544.72 507.56 442.92 409.4 370.92 372.08 368.6 385.68 398.96 377.32 351.96 261.88 257.16 265 279.76 294.6 317.12 347.32 388.28 421.48 442.44 488.2 501.52 489.32 483.52 493.52 519.2 539.48 547.28 567.64 555.6 501.6 484.28 465.04 465.84 449.48 438.04 426.44 502.84 611.08 577.96 542.64 517.72
552 628.64 628.64 551.96 509.24 431.76 448.68 437.72 449.72 497.64 613.88 524.8 391.2 324.52 349.84 387.16 366.4 344 351.16 347.28 367.56 392.04 407.56 429.48 453.84 474.76 489.52 478.44 455.88 457.8 471.88 471.76 520.72 529.32 478.48 455.28 446.56 464.08 411.64 412.12 425 435.2 434.72 424.68 408.8 422.36 396.6 407.84 378.92 325.44 277.52 281.8 305.84 343.6 300.36 318.24 349.6 360.84 365.04 386.64 459.48 464.64 440.44 450.04 478.6 502.52 524.12 545.68 559.84 563.44 535.76 500.68 469.52 448.28 449.92 479.12 444.84 423.12 424.16 471.12 466.72 466.36 459.52
595.4 638.2 674.92 622.84 525.28 457.92 454.4 459.28 462.72 547.44 537 473.12 406.88 439.56 522 480.24 417.6 400.44 368.08 355 371.24 423.56 450.92 432.84 432.68 425.96 434.48 441.32 442.36 431.6 437.36 441.48 464.76 486.88 483.52 463.32 453.84 477.84 432.2 422.68 440.08 434.52 442.56 447.16 440.44 430.56 402.44 367.24 322.84 293.36 312.28 326.08 343.44 339.6 312.92 320.32 332.84 345.32 355.24 395.92 406.12 390.76 409.72 422 457.32 504.52 541.4 542.44 523.48 512.6 496.12 481.36 469.52 435.08 474.32 543.12 542.56 507.72 418.4 432.4 454.48 457 454.32
609.6 607.96 556.76 483.12 516.8 572.72 551.48 539.64 534.72 646.6 704.68 663.12 657.68 725.08 602.32 450.12 419.56 380.16 357.56 382.64 378.48 377.44 392.52 408 401.96 418.52 422.64 417.92 420.48 439.4 441.6 451.12 474.28 483.6 488.12 484.84 457.84 435.8 429.36 430.32 444.12 436 427 445.68 441.2 446.48 434.52 331.2 324.56 340.48 347.72 356.96 377.72 368.4 353.12 342.28 350.92 347.72 359.44 384.04 404.88 413.04 439.04 427.52 445.52 483.04 582.44 530.24 511.68 484.68 472.2 487.76 520.56 433.52 438.44 491.12 576.76 559.36 433.28 469.52 456.72 451.92 479.92
545.52 533.88 487.56 521.4 587.96 606.04 617.8 544.04 593.96 659 676.48 665.88 750.88 690.52 595.16 530.48 451 412.16 363.56 391.84 448 422.8 395.64 434.6 424.08 435.44 437.44 427.68 436.68 450.88 485.04 501.24 500.64 538.4 610.68 643.52 540.68 480 455.68 447.32 471.72 444.44 432.6 454.92 495.24 467.44 407.08 359.6 325.24 362.2 452.4 473.4 483.4 460.24 411.2 401.44 491.36 557.8 496.92 378.36 385.44 408.92 411.04 445.56 472.84 623.24 658.52 535.4 515.28 491.32 477.8 461.8 475.28 432.56 411.64 400.6 426.24 418.36 500.4 496.4 448.8 422.24 441.68
553.32 508.88 513.24 549.8 599.92 614 566.84 532.52 546.84 563 609.16 590.12 606.48 623.36 571.28 676.08 552.52 473.28 414.72 392.32 437.72 493.04 434.92 484.28 456 504.6 491.88 460.36 466 454.72 491.12 474.6 465.44 481.88 501.52 584 561.28 496.92 461.72 440.68 457.04 462.52 448.32 478.96 530.48 468.04 420.24 376.36 360.28 364.32 389.44 415.52 460.04 474.72 490.76 473.88 490.68 603.2 453.8 415.68 416.4 422.56 429.44 438.12 467.72 515.92 526.32 519.44 504.12 484.36 461.4 453.48 440.76 430.16 436.64 434.68 403.12 391 382.36 381.48 369.24 368.96 367.2
647.4 603.52 638.08 663.48 690.64 689.92 663.24 630.6 609.12 631.6 685.2 659.48 728.36 671.96 650.16 610.92 630.32 528.68 502.12 456.32 512.6 549.32 543.84 542.88 470.88 479.36 481 476.72 460.52 453.2 461.84 465.28 504.16 521.08 530.52 557.04 550.04 522.08 479.68 501.44 557.44 526.2 472.72 485.52 525.92 472.56 419.44 408.8 522.12 509.08 413.12 418.68 450.08 458.28 490.6 476.16 509.4 609.04 676.24 602.4 459.48 470.96 473.84 517.28 661.52 559.8 528.36 525.76 497.48 527.48 493.44 498.16 475.32 459.84 469.6 556.24 579.64 491.28 459.96 416.16 380.88 392.84 370.16
685.92 642.96 665.84 709.6 718.2 716.24 685.68 676.04 675.56 685.8 712.4 755.76 741.84 697.68 699.84 618.88 614.44 626.32 542.88 494.48 415.68 464.52 549.68 603.44 616.4 546.88 542.64 522.84 499.16 511.76 563.8 593.52 584.04 572.76 593.16 629.68 637.28 576.16 547.68 532.36 520.36 501.16 490.8 496.36 540.92 668.16 667.92 659.12 580.44 542.48 487.72 539.4 561.96 575.28 906.32 578 514.2 591.12 667 695.88 738.68 690.96 786.88 681.76 748.36 749.56 615.4 600.8 562.8 601.36 573.52 580.52 612.76 545.16 505.8 540.88 568.24 574.96 517.72 430.76 432.8 454.48 446.52
690.72 721.16 719.48 739.88 751.32 741.16 718.24 703.8 696.6 680.32 683.64 803.88 854.04 797.56 739.24 657.52 625.36 619.24 571.68 459.4 425 508.76 550.88 629.24 645.76 573.44 584.56 628.84 600.04 642.52 657.52 698.56 669.68 676.88 726 673.52 645.12 618.56 688.44 571.72 603.8 598.04 515.16 502.72 572.08 683.6 836.96 940.52 825.12 808.2 594.64 600.84 714.6 732.12 858.88 673.52 535.2 582.04 603.08 690.08 693.72 760.64 901.48 895.6 802.68 702.48 684.48 659.52 650.16 655.56 667.36 676.2 653.64 586.96 582.8 582.12 595.32 599.36 584.8 505.88 516.2 523.36 549.56
700.96 746.12 778.72 782.6 770.04 755.12 817.84 748.44 734.52 694.92 709.72 760.2 832.84 870.84 795.24 686.8 622.4 583.64 570.48 438.56 410.32 558.56 475.68 495.4 492.76 542.8 620.44 638.68 601.32 612.08 646 642.68 654.56 665.12 667.12 712.52 706.76 708.84 751.88 750 837.08 636.84 542.32 514.76 526.44 564.32 662.36 938.4 1112.32 1057.4 649.04 663.72 681.4 831.6 949.4 635.24 533.56 552.72 575.44 783.88 733.48 741.64 814.24 857.84 689.16 661.36 662.88 664.88 660.44 669.68 687.24 697 692.68 629.72 619.96 622.36 618.2 613.36 613.68 606.36 589.08 604.32 620.8
650.52 671.6 704.04 740.04 751.56 807.48 861.84 802.92 775.44 774.64 794.24 775.24 752.4 750.96 738.36 673.24 682.2 610.6 454.92 441.32 425.16 443.32 500.56 633.2 577 576.96 561.96 567.6 574.2 571.84 570.48 579.64 623 658.44 682.4 664.6 674.96 663.24 873.16 1058.48 951.2 618.56 560.8 557.36 604.48 880.96 740.12 916.52 1050.32 785.44 616.04 617.6 661.64 749.16 1039.56 808.76 548.76 627.48 677.84 726.68 797.24 835.44 913.56 772.6 673.56 650.56 641.68 645.92 644.76 675.2 659.64 651 660.88 654.84 645.72 638.48 636.76 631.6 625.16 617.6 620.64 613.52 607.84
589.68 595.68 600.84 622.44 677.92 732.16 801.84 795.12 749.48 734.24 718.64 714.08 713 726.68 684.12 638.76 632.64 497.36 459.4 503.32 460.16 550.08 607.24 588.16 548.92 517.32 521.76 537.48 543.64 570.04 590.16 607.32 636.92 682.2 706.76 686.84 610 658.72 750.76 910.32 1073.36 786.6 920.2 754.36 665.96 928.68 1069 1096.44 1043.32 748.16 628.12 622.32 644.72 709.52 939.44 671.76 602.44 699 744.28 768.48 852.68 870.16 747.56 671.08 659.12 636.12 652.44 655.76 655.08 661.92 686.52 660.84 657.52 658.4 658.12 655.4 655.16 652.04 635.04 620.6 609.08 599.72 606.12
583.16 565.36 575.28 598.44 620.12 640.32 686.64 691.08 673.72 675.52 680.12 689.4 703.28 726.72 743.56 705.28 654.28 549.56 501.48 519.16 511.8 491.96 520.96 531.96 538.6 537.6 532.76 538.6 547.88 556.88 566.12 551.64 556.84 595.08 610.16 594.2 607.4 626.6 835.92 1040.2 1090.76 805.76 860.84 976.08 887.52 1044.12 1093.52 1085.88 1060.24 748.68 664.64 641.24 666 827.6 1048.6 879.4 662 647.24 889.28 981.64 928.36 838.8 675.92 641.48 635.52 626.76 631 658.56 660.72 665.36 675.96 677.76 668.52 659.12 659.68 658.68 658 658.36 652.84 632.52 618.64 613.2 596.44
566.04 544.92 572.16 598.08 596.24 604.88 610.16 622 616.44 656.56 684.16 712.4 729 742.96 710.64 666.88 659.12 683.12 574.2 527.6 496.6 495.12 500.24 512.64 545.08 543.32 534.56 531.84 535.2 540.08 544.52 548.44 552.92 560.48 591.24 608.92 645.12 638.36 703.76 754.92 905.28 821.32 829.2 911.56 1001.12 1079.92 1101.2 1068.56 1057.76 1003.28 829.44 768.76 808.32 938.12 1051.2 1019.08 743.72 609.64 720.56 959.52 924.32 768.24 658.24 629.2 625.72 634.48 650 670.88 677.84 683.52 696.6 688.52 672.08 659.12 660.6 660.56 659.52 660.04 654.6 634.48 622.2 609.72 602.08
543.8 534.2 548.76 558.48 563.12 565.96 578.72 583 581.6 604.04 622.6 656.76 625.68 598.6 585.4 597.96 593.68 570.08 539.84 520.28 502.52 511.48 506.4 511.36 537.24 551.92 543.32 536.12 533.88 539.84 549.84 557.6 562.48 584.24 587.2 613.32 649.68 657.96 671.44 689.2 802.56 830.28 835.24 833.4 856.36 936.28 965.72 960.76 937.48 917.32 837.56 795.24 879.76 990.2 1040.44 1020.8 724 688.68 785.04 728.96 728.48 653.16 632.76 618.04 634.88 650.36 664.52 684.24 694.72 698.04 708.96 695.88 684.32 647.04 654.76 654 652.24 672.84 677.68 648.4 622.76 611.96 608.24
545.2 529.8 537.12 543.76 546.28 529.8 502.36 526.04 530.56 552.72 601 570 584.4 546 548.68 562.72 553.64 544.72 524.64 518.64 511.96 523.16 513.72 529.48 548.4 562.12 556.64 547.4 543.48 549.72 565.8 574.6 597.72 634.4 657.48 672.72 701.52 702.16 688.72 732.88 852.56 839.72 854.4 889.96 840.76 850.28 855.44 860.84 871.6 887.04 814.16 756.76 895.88 918.56 980.24 986.12 768.32 716.92 843.6 804.32 652.72 638.56 617.96 611.72 625.56 647.68 639.76 656.4 654.2 671.12 683.96 688.04 671.44 620.32 620.88 621.6 631.6 674.88 683.8 635.52 620.88 613.88 611
539.88 514.76 537.48 554.04 514.32 479.2 454.8 510.48 587.16 635.4 594.36 521.52 533.96 524.44 529.52 547.16 543.36 527.4 521.52 532.12 518.64 527.28 516.28 534.68 552.32 574.04 574.4 569.08 566.52 567.92 573.12 588.88 613 620 633.84 668.6 772.68 782.04 736.08 829.24 900.52 902.56 884.68 911.52 942.76 892.08 872.08 886.76 853.16 978.64 906.44 767 737.6 745.52 814.2 1014.68 751.44 747.64 780.96 688.84 665.04 652.12 640.32 613.32 594.8 594.36 623.44 628.28 631.24 648.56 653.76 661.88 651.4 610.12 610.88 614.08 621.96 632.12 634.76 616.76 610 601.16 607.04
515.16 517.08 536.44 541.84 545.28 460.36 470.2 496.4 554.4 641.28 618.52 511.64 524.48 508.48 545.28 528.12 569.28 545.72 541.28 542.72 533.24 539.36 525.04 526.72 552.84 573.44 580.76 585.96 588.4 586.2 593.36 620.96 642.96 631.76 628.08 659.16 776.04 1026.48 803.12 1046.76 1044.12 924.08 952.6 967.36 878.68 918.04 905.88 854.36 876.68 827.04 824.44 735.44 722.8 758.8 764.12 920.56 870.68 743.96 801.6 696.32 635.8 625.84 617.76 616.4 585.64 601.32 604.32 611.68 621.44 631.4 639.92 661.44 631.8 598.72 605.44 611.36 616.16 621.8 613.12 587.96 568.56 546.96 540
