eomf-prod/eomf/data/ecohealth/dem.asc
ncols         992
nrows         717
xllcorner     68.144226
yllcorner     5.633471
cellsize      0.041667
NODATA_value  -9999
[rows 296 to 332 of 717, columns 415 to 497 of 992]
447.88 482.48 343.16 293.84 291.08 304.4 266.48 243.16 228.96 220.32 208.84 201 204.16 217.56 228.08 304.96 382.04 311.88 270.88 253.92 240.16 234.84 233.2 231.84 230.92 226.4 214.56 187.08 163.84 159.32 159.28 154.12 147.72 148.84 145.84 129.96 110.88 112.28 119.88 112.52 99.32 84.2 66.8 55.68 57 52.76 49.2 45.68 43.56 42.56 48.32 49.08 50.32 46.32 37.56 38 36.84 34.36 30.32 26.8 25.8 25.72 28.52 26.96 25.92 23.92 20.2 18.08 16.36 15.04 16.6 16.44 8.4 10.6 10.36 10.24 9.2 7.16 5.24 6.8 7.32 7.48 6.8
509.84 389.8 353.64 348.04 291.96 293.2 297.04 277.84 260.04 255.68 229.48 221.72 196.2 226.48 250.4 239.32 235.12 249.76 289.52 280.96 241.16 228.16 224.24 219.96 215.84 207.76 193.2 175.04 159.8 152.76 150.96 153.08 152.36 139.8 129.04 119.76 108.92 102.6 96.72 105.08 96 86.28 73.56 62.84 55.84 46.52 42.36 41.8 39.6 42.2 42.52 44.52 41.4 38.52 32.08 35.16 34.96 33.24 29.8 26.6 23.72 25.4 25 25.28 25.2 25.16 23.52 18.76 16.72 16.32 16.08 15.32 13.8 8.48 10.44 12 12.28 11.64 9.44 9.4 8.88 7.6 6.92
599.36 523.32 451.72 425.36 314.12 293.84 291.36 271.24 240.96 241.52 254.12 259.76 213.96 191.84 211.52 210.64 235 279.2 306.4 301 261.68 231.88 218.84 204.08 195.92 186.12 173.96 160.4 154.68 153.36 147.28 145.48 153.16 148.36 132.48 115.2 101.68 101.68 86.88 99.28 98.2 86.48 73.96 66.96 61.88 60.92 58 58.52 50.2 45.96 44.6 42.24 38.84 33.4 29.28 32.36 32.52 30.84 27.96 23.56 20.92 24.12 24.28 23 23.24 22.48 21.6 18.2 16.52 15.52 15.24 14.04 11.28 8.2 10.96 10.84 9.44 9.88 8.84 8.72 9.28 7.72 6.64
525.16 432.6 340.72 307.6 291.32 270.76 266.2 236.6 225.04 227.8 225.28 219.16 227.68 194.76 188.04 234.92 219.36 231.96 304.4 308.88 280.84 242.36 228.04 212.12 197.04 184.6 169.28 156.32 150.2 145.68 147.56 132.2 145.04 152.52 150.12 133.96 101.28 96.04 85.2 80.04 88.64 89.04 84.48 78.92 78.6 75.48 73.08 67.04 52.88 46.16 44.08 45.28 40.92 30.84 26.04 29.32 29.6 29.56 25.92 21.52 19.96 22.16 23.76 21.44 21.52 20.8 19.68 17.64 16.36 15 14.12 12.08 9.2 10.08 8.76 8.36 9.32 8.88 8.96 8.92 8.92 8.32 8.76
383.6 398.8 301.6 293.6 287.56 289.84 321.08 286.92 269.28 259.92 252.24 244.48 238.44 242.68 206.04 247.12 231.76 226.72 301.6 305.76 295.84 260.08 234.8 222.8 211.76 188.8 169.56 158.08 152.44 135.16 128.6 120.28 134.64 150.8 157.12 147.4 104.24 77.88 89.8 79.04 63.76 65.84 77.76 61.68 78.16 65.4 60.44 69.12 56.6 41.96 39.32 31.76 32.44 28.12 18.84 17.36 18.56 19.28 18.64 14.28 13.68 15.96 20.8 18.96 17.52 17.28 16.32 15.04 14.24 13.32 13.96 11.04 9.8 10.4 9.84 9.36 9.24 10.76 7.6 5.36 5.4 4.52 4.32
322.24 311.04 342.8 335.64 419.84 511.64 556.8 639.92 498.2 400 356.92 339.92 243.56 259 192.56 237 263.16 257.2 252.52 365.52 301 269.92 242.12 236.8 225.16 191.68 167.88 155.4 147.84 134.6 129.48 117.68 111.52 117.16 124.88 119.6 93.48 71.16 68.88 77.8 71.44 54.76 67.6 54.12 64.04 62.76 48.88 53.68 37.28 40.04 33.68 31 22.72 21.8 19.16 14.84 15.08 14.36 11.96 8.12 9.12 13.52 18.32 17.92 16.72 16.4 14.6 12.44 12.36 12.64 14.28 12.12 11.32 7.48 9.44 9.72 10.84 9.36 6.72 6.28 6.36 5.6 5.72
591.52 461.16 521.48 470.24 455.84 389.88 345.56 472.12 493.16 387.24 491.6 468.6 414.68 234.08 196.48 159.32 183.08 325.2 524.28 466.04 260.52 264.28 288.36 252.8 217.76 202.36 207.64 180.52 161.64 188.68 180.44 156.6 144.76 136.84 112 93.32 82.68 77.76 71.28 61.32 54.4 46.96 53.48 54.28 50.36 44.12 36.72 33.04 30.48 39.6 29.64 23.04 18.92 14.32 17.84 15.04 14.64 11.28 10.32 9.76 10.56 16.2 18 16.44 15.36 13.72 12.4 11.64 11.32 13.28 14 11.72 11.16 8.44 7.56 9.6 9.56 8.96 6.48 5.72 6.12 5.32 4.44
565.2 467.88 552.96 591.6 662.2 500.84 326.4 297.88 382.32 332.72 299.76 324.44 312.16 272.4 237.96 187.4 148.92 171.32 211.44 240.48 224.96 252.08 275 254.76 245.52 276.6 279.64 226.16 190.6 226.96 236.4 221.88 162.96 150.52 134.56 99.24 80.64 89.36 82.04 78.76 70.64 58.72 43.76 47.04 41.12 42.8 40.76 35.48 25.52 24.96 28.4 18.72 14.28 11.64 10.36 14.44 12.4 9.08 7.68 9 10.96 12.36 15.36 14.64 14.52 14.08 12.32 12.16 12.28 12.96 14.56 12.16 7.72 6.56 8.48 9.72 10.84 9.24 5.68 4.52 4.84 4 4.4
603.16 610.96 496.56 523.68 455.48 356.08 298.28 286.6 234.2 209.08 236.44 272.36 244.4 212.08 199.2 174.2 152.44 134.6 136.88 151.72 168.08 193.04 253.28 291.08 306.48 311.72 310.48 246.4 217.76 212.08 230.6 224.4 164.48 148.64 139.36 101.84 76.6 80.88 96.4 83.24 67.6 60.96 53 51 54.4 61 61.24 50.32 37.64 18.52 17.88 18.24 12.96 9.6 7.28 7.64 8.16 7.56 6.4 6.72 8.04 9.36 15.8 13.52 14.28 14.48 13.96 13.8 12.88 10.08 12.08 9.96 5.92 5.32 8.16 9.04 9.76 8.04 5.04 4.72 4.48 3.12 2.96
557.68 515.72 411.28 330 289.36 270 243.92 250.12 209 191.4 172.56 174.12 163.84 156.12 151.2 151.12 148.44 141.08 148.2 152.36 134.04 119.04 154.4 205.88 253.36 302.56 308.4 274.2 229.72 227.32 229.36 223.8 160.48 133.16 119.08 93.76 74.8 69.96 90.64 87.96 81.56 77.48 73.44 70.76 65.2 53.88 53.4 45.28 41 24.92 12.32 14.24 13 9.36 5.6 6.48 5.92 6.88 5.44 5.76 6.32 9.44 14.2 14.12 13.52 14.12 15.08 15.96 12.32 8.84 11.52 9.32 8.92 7.88 8.64 9.56 9.4 6.96 5.2 5.76 5 3.68 3.04
473.72 362.12 298.6 262.96 248.96 235.24 221 201.28 184.44 173.08 163.96 155 153.2 153.64 154.92 156.4 171.52 177.12 170.6 155.44 144.76 110.48 109.2 129 177.56 303.32 303.8 284.88 232.48 228.52 207.8 188.12 153.52 120.28 99.96 84.48 70 59.24 68.68 85.68 75.6 71.28 63.56 63.12 53.16 45.6 40.68 39.88 32.64 25.84 19.28 8.08 10.8 8.6 6.24 4.28 6.24 4.48 5.12 5.36 4.72 9.36 12.28 11.56 11.28 11.92 13.32 14.6 10.48 13.52 12.6 13.64 12.52 13.4 13.2 11.04 11.88 8.84 7.4 6.36 7.12 4.6 5.4
418.36 385.8 311.32 242.84 224.52 209.68 202.2 195.28 185.2 177.36 170.64 162.92 157.12 159.84 156.8 155.88 225.6 278.88 210.28 159.28 170.88 115.4 101.32 109.68 144.48 362.48 350 275.72 236.12 237.88 184.72 150.72 138.32 116.88 94.84 81 65.8 53.56 65.96 88.88 71.04 54.88 56.64 52.24 45.12 44.64 38.92 30.6 36.32 18.44 17.28 8.48 7.12 6.96 5.44 5.04 4.8 5.32 4.96 3.4 4.12 8.76 11.76 10.56 11.76 10.28 10.52 10.56 10.76 11.04 12.44 13.16 13.8 12.52 11.4 10.52 12.96 11.6 7.72 8.16 8.32 5.72 4.52
492.72 445.08 308.96 254.12 243.32 262.72 265.56 253.36 213.6 198.24 181.96 185.08 197.68 192.16 183.48 172.04 191.96 229.44 166.88 148.32 167.88 213.08 118.2 94.72 112.16 238.96 165.08 159.24 221.52 249.92 201.12 151.72 133.44 105.68 87.2 75.28 64.4 48.28 64.52 87.8 74.88 59.04 50.4 51.2 44.56 36.6 38 24.52 23.56 15 9.52 8.88 9.72 6.68 6.68 5.08 5.44 6.32 4 3.8 3.52 7.6 10.32 11.32 11.16 9 9.52 10.56 9.64 12.92 11.72 11.88 11.08 10.88 10.16 10.08 9.44 10.32 8.48 8.08 7.48 6.44 7
327.16 280.36 273.32 266.52 286.96 344.44 491.68 322.04 236.32 211.04 191.8 201.52 241.6 209.16 237.76 192.16 196.84 205 168.36 153.4 165.92 231.92 244.96 175 100.44 120.96 118.36 142.96 172.68 231.12 195.76 147.4 127.12 101.84 90.36 80.92 64.32 45.28 54.24 76.16 69.6 65.64 62.32 66.36 53.84 38.84 28.28 24.8 15.8 12.12 9.44 9 7.52 7.8 7.24 6.08 5.92 6.08 5.88 5.64 4.6 6.36 6.24 8.2 8.48 10.28 10.96 9.92 9.76 12.76 10.92 11.48 9.12 9.64 10.12 11.6 11 11.24 8.72 9.2 6.68 4.12 4.84
298.24 281.32 285.44 303.36 392.88 431.56 369.52 273.16 230.2 222.84 206.24 199.36 256.4 274.64 295.28 231.76 202.28 192.32 176.16 179.68 219.64 243.64 357.92 254.48 122.24 96.44 103.96 127.28 156.16 213.92 165.28 146.48 120.24 99.84 89.24 86.2 76.56 48.92 44.16 65.4 70.48 57.56 50.52 56.64 52.36 39.2 27.68 20.48 15.2 9.8 8.24 6.96 7.68 8.48 7.24 6.36 6.12 7.2 6.64 6.16 4.96 7.56 5.84 6.48 6.24 7.52 6.68 6.24 7.8 10.96 14.24 10.56 8.04 8.88 10.36 10.88 8.96 8.96 9.12 8.52 6.76 4.72 4.2
325.32 370.8 352.64 375.4 485.96 375.6 249.4 215.4 235.24 246.88 233.76 211.48 258.08 279.88 280.52 276.8 243.64 198.6 197.64 217.64 351.4 353.2 339.96 299.2 147.4 92.48 91.32 107.2 120.76 138.84 130.92 126.8 114.56 95 85.16 85.2 81.88 52.4 43.4 52.88 66.4 74.84 64 46.68 43.64 38.24 25.96 19.12 16.12 8.76 6.92 8 7.04 7.64 4.12 4.6 6.4 6.32 5.28 5 4.96 6.48 3.36 3.48 5.64 6.84 6.2 6.24 7.96 12 11.28 8 6.24 6.92 8.92 10.12 10.48 9.88 10.16 8.96 7.08 6.24 5.08
410.12 461.56 502.84 414.28 362.04 331.04 277 266.96 273.6 299.48 256.92 209.56 210.48 231.36 252.52 297.36 353.48 317.72 263.84 245.12 344.08 331.44 237.8 190.76 131.96 109.68 92.4 94.4 106.28 116.28 117.4 109.08 102.28 89.68 79.8 78.28 79.92 59.48 48.32 37.16 45.56 62.32 63.36 59.28 51.52 38.08 28.04 20.68 12.48 10.88 8.84 8.32 8.76 5.8 4.88 4.8 5.08 5.56 3.64 4.56 5.12 4.68 3.44 4.8 7.48 7.56 6.52 6.68 7.64 9.08 11.08 8.24 5.92 6.2 7.4 8.28 8.8 9.08 9.2 9.32 8 6.12 4.96
455.08 444.24 530.72 459.24 477.92 450.96 299.92 291.16 301.4 299.84 252.08 242.4 225.12 220.04 232.92 272.96 276 285.8 320.24 362.08 519.28 368 179.4 143.92 142.04 231.56 159.36 87.36 90.92 106.44 111.8 100.6 89.08 81.64 75.68 76.28 78.24 79 62.92 47.32 36.88 41.36 50.16 56.12 47.64 32.16 25.6 21.76 14 12.12 10.68 10.2 6.84 7.84 7.76 6.04 5.68 5.36 3.64 3.8 6.16 5.28 3.8 3.6 4.44 4.52 5.04 4.36 5.32 6.04 7.88 8.48 6.32 6.24 7.16 7.56 9.64 9.72 10.08 10.68 8.44 6.16 5.32
395.96 396.52 455.04 437 457.08 438.52 341.96 302.96 293.84 248.56 263.68 287.76 238.88 234.32 227.08 234.24 281.96 303.6 338.76 497.92 412.84 426.44 225.48 186.36 190.36 337.92 285.64 132.88 81.08 86.28 95.28 95 83.72 77.92 71.16 73.48 77.76 92.16 78.44 60 46.84 37.12 33.76 29.32 26.88 24.84 19.84 17.6 15.6 14.96 13.28 10 6.68 7.36 7.12 5.72 5.32 4.68 5.08 3.72 3.16 4.44 3.88 5.28 4.68 5.4 5.44 5.12 4.8 4.36 5 6.24 5.68 6.2 5.92 7.04 10.24 11.92 11.12 10.8 9.16 7.8 6.28
422.12 409.96 578.28 535.36 458.08 499.68 384.8 328.6 309.28 293.52 326.04 279.04 259.48 267.56 250.32 231.24 260.4 294.92 302.96 332.24 340.2 496.32 384.2 261.56 242.52 218.04 218.32 149.32 83.92 76.4 81.6 86.44 78.28 73.08 65.08 62.08 74.24 72.32 72.6 72 68.08 56.12 42.68 37.68 33.44 24.72 17.88 16.4 13.96 12.88 11.92 9.72 7.48 8.28 7.04 6.36 5.64 5 4.8 3.96 2.48 4.48 2.64 3.8 4.32 4.64 5 4.68 5.76 5.04 4.96 7.24 7.44 5.4 5.76 7.8 11.84 11.56 11.68 10.4 8.64 7.52 6.36
614.08 519.88 583.88 566.56 476.52 443.96 403.04 383.64 371.68 406.8 359.76 290.12 282.92 299.72 261.96 255.64 249.32 257.96 273.04 303.28 481.36 507.52 474.4 404 291.6 193.64 146.76 113.8 84.6 75 77.4 78.2 74.56 77.32 70.6 53.84 56.56 55.12 63.2 62.04 71.12 61.96 57.72 47.76 45.92 33.96 19.44 14.92 12.2 10.04 9.24 9.44 8.4 6.96 5.84 5.36 4.92 4.96 4.76 4 2.2 4.52 3.32 3.08 3.76 3.68 3.92 3.36 4.36 4.44 4.48 6.04 7.28 4.28 5.4 7.4 8.4 7.8 9.16 8.64 7.32 6.24 6.68
465.32 505.92 552.28 529.68 527.12 445.6 431.28 440.72 447.2 456.52 366.8 308.44 330.84 293.88 257.68 292 268.48 247.8 250.76 310.72 475.36 476.2 456.8 347.12 250.08 211.6 157.16 112.4 80.04 71.56 77.08 74.92 63.12 56.44 51.76 41.68 34.84 37.72 43.92 51.12 59.56 54.4 50.4 42.56 34 28.24 24 15.76 10.88 11.4 10.52 9.96 10.48 7.04 5.28 5.4 5.88 5.8 5.56 4.44 2.08 4.76 4.44 2.96 3.96 3.96 3.12 3.2 2.76 3.24 2.72 4.8 3.68 2.88 3.88 7 4.56 5.04 4.8 4.12 3.84 4.64 5.24
386.56 410.64 478.24 461.84 496.68 459.88 459.96 456.32 457.16 459.08 442.04 434.76 441.04 380.72 305.84 299.72 268.32 259.84 259.24 276.64 304.4 356.32 449.76 449.84 278.36 182.6 148.16 118.56 85.52 73.16 68.32 62.88 55.56 44.52 38.32 33 29.52 31.4 30.32 32.68 42.84 40.68 32.48 32.44 27.2 20.32 20.2 17.56 12.72 10.68 11.12 9.2 7.52 7.36 5.88 3.92 5.28 5.32 6.2 4.88 3.72 2.96 4.04 4.64 5.08 4.92 4.28 3.28 3.6 2.76 3.36 3 3.04 3.44 3.24 3.84 4.76 4.48 5.72 3.24 3.32 3.76 5.12
462.84 428.92 445.8 458.88 456.08 465.8 515.64 461.52 437.24 434.56 437.12 441.92 460.4 435.2 318.96 294.52 264.24 266.96 281.76 280.08 439 368.84 448.2 408.16 315.76 276.92 168.48 109 110.04 127.68 107.44 72.28 59.88 54.88 51.12 46.56 41.28 26.72 26.4 26.2 28.72 36.96 35.04 31.76 29.48 22.72 17.6 18.12 12.2 10.36 9.84 8.96 8.8 5.72 4.84 4.76 3.96 4.56 5.08 4.96 4.8 4.12 5.04 2.96 2.6 2 4 3.16 2.8 2.44 1.6 1.68 2.68 2.64 3.16 4.2 4.92 4.32 4.68 4.32 3.6 3.36 4.68
561.44 554.56 481.28 458.64 455.24 467.04 559.32 485.68 409.56 392.44 410.24 439.88 441.4 366.32 308.36 287.16 275.32 275.84 360.36 325.64 515.32 374.88 428.6 386.44 356.24 253.4 143.8 99.08 109.84 208.12 185.52 86.8 76.32 75.12 75.32 74.16 73.84 58.84 37.16 21.32 21.84 24.12 33.76 36.8 24.96 16.68 14.52 12.84 11.92 8.2 8.36 9.16 9.72 8.72 7 6.84 5.44 5.2 4.96 6.12 5.84 4.6 5.24 3.96 3.24 2.68 1.52 2.8 3.2 2.52 1.6 1.96 1.56 1.48 2.64 5.96 5.04 5.44 6.28 4.2 4.2 5.4 4.6
689.6 561.32 491.64 445.32 402.2 392.24 428.64 397.08 356.84 376.52 428.28 453.44 426.84 313.76 294.16 305.68 366.76 384.16 476.96 317.72 388.24 408.84 459.44 398.12 207.68 143.72 186.12 113.96 89.6 166.24 133 73.2 75.24 74.44 76.68 76.2 76.48 77.36 66.24 41.36 20.28 21.24 25.32 31.12 26.56 20.6 11.84 8.4 9.04 10.76 8.04 8.92 9.84 9.04 9.12 8.56 7.84 6.88 6.2 6.8 6.72 5.04 3.32 3.36 3.68 4.32 0.28 2.72 2.36 3.2 2.8 2.4 1.76 1.6 4.76 7.88 6.52 8.84 5.04 4.6 4.12 5.72 6.96
566.44 485.8 443.64 408 370.16 349.28 349.68 340.64 321.08 380.32 448.96 455.88 430.12 344.28 331.32 409.56 474.84 523.88 404.32 387 582.48 521.52 409.68 312.4 242.8 165.84 153.68 214.44 123.56 72.68 76.36 75.48 76.12 67.36 71.96 75.52 74.12 75.28 68.36 53.24 32.48 18 22.92 24.4 28.08 20.28 13.56 10.16 9.24 10.68 7.68 8 8.56 8.04 7.8 8.6 9 7.8 7.48 8 7.8 6.08 4.4 3.88 3.24 1.96 0.56 2.96 3.36 2.92 2.44 2.76 2.8 2.76 5.72 11.28 6.8 6.44 3.44 4.92 6.92 7.76 7.32
520.48 454.72 440.88 414.6 367.72 343.44 332.36 327.76 299.48 365.4 428.4 427.88 389.76 435.6 484.2 502.68 463.4 550.8 485.52 507.92 710.92 481.84 301.44 273.76 352.16 246 170.72 174.12 94.6 51.24 62.6 73.28 77.56 62.68 52.16 60.48 59.56 59.76 60.92 57.16 50.76 37.4 17.32 20.88 25.4 21.04 16.92 12.04 10.36 11.08 9.08 11.88 9.16 9.84 7.6 6 7.92 8.68 7.96 7 6.44 7.32 5.96 4 3.24 0.12 3.08 4.6 4.12 2.24 3.6 3.68 1.88 3.8 6.36 11.92 7.08 4.24 7.52 1.6 6.92 7.92 8.12
471.16 467.04 448.44 401.08 366.96 347.88 335.24 328.56 312.48 312.88 347.16 371.88 376.24 388.6 393.56 410.8 481.92 460.76 626.44 696.56 831.52 696.36 478 501.52 488.76 531.84 387.04 220.6 79 48.68 46.44 56.4 82 59.08 39.88 39.16 46.12 45.96 58.88 55.76 57.04 44 25.48 21.28 25.88 22.36 18.24 15.4 13.96 11.24 8.64 8 10.28 10.28 9.52 9.48 10 8.56 7.96 8.4 8.16 6.88 1.32 0.28 0.72 1.72 4.48 2.28 1.12 1.2 1 1 1.48 1.04 3.68 4.76 0.72 4.24 0.28 1.08 1.48 4.8 5.88
479.8 509.88 486.44 406.92 377 366.2 363.16 345.24 324.84 324.56 335.36 358.64 380.84 390.28 399.76 426.88 430.24 558.2 565.24 657.4 702.84 717.88 720.8 740.36 724.8 778.48 298.48 151.12 105.2 55.16 42.32 53.6 76.32 65.24 52.16 38.28 36.44 50.88 49.56 49.88 52.76 41.64 30.44 18.84 25.52 21.68 18.28 16.88 15.84 12.48 10.08 8.96 11.04 9.44 8.92 8.44 7.56 7.4 8.28 7.84 7.76 7.2 0.12 0.2 0.76 1.8 4.2 1.52 1 1 0.92 0.88 0.96 0.6 0.88 0.92 0.08 0 0.2 1 1 1.12 1.4
537.4 479.96 502.76 436.36 387.12 393.24 390.08 345.52 325.12 331.72 349.64 366.12 384 412.6 413.48 425.2 550.48 602.16 602.64 787.52 791.6 856.8 862.88 816.4 858.88 671.28 642.48 435.6 125.64 65.72 44.68 55.04 76.8 58.6 49.16 34.4 36.56 48.04 34.84 49 45.48 44.08 24.24 21 23.96 19.96 16.68 15.72 14.04 11.28 10.8 7.92 10.52 9.6 9.28 8.56 8.48 9.4 8.32 8.88 7.96 5.92 0 0.36 0.36 0.8 1.88 1 1 1 0.92 0.88 0.92 0.64 1 0.56 0.72 0.32 0.32 1 1 1 1
516.24 557.8 469.28 422.6 412.44 428.56 395.6 349 326.8 330.08 350.88 374.12 391.8 412.04 424.68 446.84 664.52 773.08 698.6 681.72 829.84 920.16 877.16 835.2 865.4 703 628.32 327.12 115.8 59.16 38 59.64 66.88 70.28 58.16 44.92 28.76 29.08 37.52 46.24 38.44 33.36 16.12 23.2 18.32 14.96 12.08 11.52 12.64 10.76 9.56 9.28 10.16 8.6 9.4 9.48 10 9.08 9.72 9.6 8.72 1.8 0 0.12 0.76 0.52 0.84 1 0.8 0.92 0.68 0.88 0.96 0.2 0.8 0.44 0.8 0.16 0.84 1 1 1 1
538.32 506 435.76 435 447.48 449.4 421.12 363.56 333.76 325.72 338.12 361.36 393.6 418.32 410.88 436.56 552.92 645.88 835.88 754.08 807.32 883.2 910 901.48 881.08 815.08 469.8 137.36 77.76 49.08 32.68 45.48 47.96 59.64 59.56 54.84 41.12 22.88 34.52 36.64 32.12 19.32 13.48 19.8 15.76 12.92 11.64 10.04 10.44 9.56 6.96 5.56 6 6.68 6.72 6.92 7.88 8.08 9.52 8.96 2.88 0 0 0.24 0.92 0.68 0.48 0.8 0.36 0.92 0.64 0.84 0.68 0.28 0.76 0.44 0.56 0.08 0.44 1 1 1 1
605.16 577.32 458.36 447.32 460.48 514.68 472.6 389.88 347.96 324.68 329.64 343.8 373.08 396.88 390.32 440.04 506.36 505.2 676.36 919.28 859.92 935.48 986 830.16 617.44 658.28 216.44 85.56 62.24 49.68 35.56 28.24 38.48 49.96 46.6 48.28 45.28 26.64 19.64 29.52 19.12 12.24 11.48 16.48 12.4 10.12 9.44 8.52 9.44 9.12 6.32 5.24 5.92 7.08 5.56 5.36 5.48 6.36 4.64 1.04 0 0 0 0.64 0.84 0.68 0.4 0.92 0.2 0.92 0.88 0.88 0.64 0.2 0.88 0.6 0.56 0 0.6 1 1 1 0.84
602.48 610.76 474.48 445.68 452.76 467.64 470.44 428.04 363.48 323.76 324.76 342.96 363.16 391.56 400.4 416 645.56 737.68 804.12 935.76 893.76 912.96 936.04 836.6 590.36 322.56 111.12 68.08 52.84 44.44 40.96 25.64 23.24 40.84 37.16 32.92 31.6 28.8 12.08 17.36 9.92 8 13.28 15.72 10.6 6.72 7.96 8.84 9.56 8.96 6.32 6.28 5.92 6 5.12 5.32 6.28 6.48 0.52 0 0 0 0.08 0.96 0.92 0.6 0.32 1 0.36 0.52 0.72 0.92 0.44 0.04 0.8 0.88 0.44 0.04 0.88 1 1 0.68 0.44
575.64 647.08 485.4 457.64 454.32 458.08 448.64 405.12 349.8 323.6 315.76 325.32 334.96 368.92 386.72 387.48 446.28 733.48 836.6 871.96 895.2 987.36 957.32 848.24 412.68 186.28 80.56 63.52 56.68 54.12 36.92 44.88 24.96 18.48 31.4 28.48 22.08 15.72 6.72 8.04 7.56 7.96 12.88 11 9.36 6.28 5.88 6.6 9.36 8.04 5.96 4.76 5.56 5.36 5.52 3.24 3.08 0 0 0 0 0 0.28 1 0.76 0.32 0.6 1 0.44 0.68 0.52 0.92 0.92 0 0.84 0.84 0.2 0.16 0.72 1 1 0.6 0.44
585.88 681.44 640.88 542.64 487.92 460.12 438.88 414.2 353.4 339.72 326.44 309.48 309.84 343.56 351.52 353.6 377.96 458.76 826.08 893.88 884.24 950.48 1003.64 866.36 562.52 92.64 73.4 58.64 67.92 54.12 34.04 25.88 20.56 14.64 19.84 25.8 27.8 21.96 8 7.24 7.04 7.64 12.92 12.72 10.28 6.24 7 9.16 9.4 7.88 6.84 4.64 2.88 2.08 1.4 0 0 0 0 0 0 0 0.24 0.56 0.56 0 0.68 0.96 0.4 0.76 0.4 0.84 0.64 0 0.76 0.72 0 0 0.28 0.88 0.12 0.8 0.16
