eomf-prod/eomf/data/ecohealth/dudn.asc
ncols         992
nrows         717
xllcorner     68.144226
yllcorner     5.633471
cellsize      0.041667
NODATA_value  -9999
[rows 135 to 179 of 717, columns 864 to 959 of 992]
2578 2578 2578 2578 2578 2578 2578 2578 1884.16 1752 1752 1752 1752 1752 1752 1712.4 1752 1752 1752 1752 1752 1752 1692.6 1587 1613.4 1593.6 1587 1587 1587 1587 1587 1587 1587 1587 1587 1425.12 1155.32 993.44 238 238 238 238 238 238 238 238 238 238 238 238 238 238 238 238 238 238 238 238 238 238 238 238 238 238 238 238 238 238 238 238 238 238 238 238 238 238 238 238 238 238 238 238 238 238 238 238 238 238 238 238 238 238 238 238 238 238
2578 2578 2578 2578 2578 2578 2578 2578 1818.08 1752 1752 1752 1752 1752 1752 1752 1752 1752 1752 1752 1752 1752 1752 1738.8 1752 1738.8 1639.8 1653 1672.8 1692.6 1587 1587 1587 1587 1155.32 238 238 238 238 238 238 238 238 238 238 238 238 238 238 238 238 238 238 238 238 238 238 238 238 238 238 238 238 238 238 238 238 238 238 238 238 238 238 238 238 238 238 238 238 238 238 238 238 238 238 238 238 238 238 238 238 238 238 238 238 238
2578 2578 2578 2578 2578 2578 2578 2115.44 1752 1752 1752 1752 1752 1752 1752 1752 1752 1752 1752 1752 1752 1752 1752 1752 1752 1752 1752 1752 1752 1752 1600.2 1587 1587 1587 561.76 238 238 238 238 238 238 238 238 238 238 238 238 238 238 238 238 238 238 238 238 238 238 238 238 238 238 238 238 238 238 238 238 238 238 238 238 238 238 238 238 238 238 238 238 238 238 238 238 238 238 238 238 238 238 238 238 238 238 238 238 238
2465.04 2578 2578 2544.96 2346.72 2082.4 1983.28 1785.04 1752 1752 1752 1752 1752 1752 1752 1752 1752 1752 1752 1752 1752 1752 1752 1752 1752 1752 1752 1752 1752 1752 1620 1587 1479.08 1209.28 345.92 238 238 238 238 238 238 238 238 238 238 238 238 238 238 238 238 238 238 238 238 238 238 238 238 238 238 238 238 238 238 238 238 238 238 238 238 238 238 238 238 238 238 238 238 238 238 238 238 238 238 238 238 238 238 238 238 238 238 238 238 238
1166 2408.56 2578 2214.56 1818.08 1752 1752 1752 1752 1752 1752 1752 1752 1752 1752 1752 1752 1752 1752 1752 1752 1752 1752 1752 1752 1752 1752 1752 1752 1752 1221.32 1101.36 345.92 238 238 238 238 238 238 238 238 238 238 238 238 238 238 238 238 238 238 238 238 238 238 238 238 238 238 238 238 238 238 238 238 238 238 238 238 238 238 238 238 238 238 238 238 238 238 238 238 238 238 238 238 238 238 238 238 238 238 238 238 238 238 238
1166 1222.48 2176.4 1752 1752 1752 1752 1752 1752 1752 1752 1752 1752 1752 1752 1752 1752 1752 1752 1752 1752 1752 1752 1752 1752 1752 1752 1752 1752 1206.96 238 238 238 238 238 238 238 238 238 238 238 238 238 238 238 238 238 238 238 238 238 238 238 238 238 238 238 238 238 238 238 238 238 238 238 238 238 238 238 238 238 238 238 238 238 238 238 238 238 238 238 238 238 238 238 238 238 238 238 238 238 238 238 238 238 238
1857.2 2116.4 2202.8 2068.16 1752 1890.32 2048.4 2048.4 1791.52 1752 1752 1752 1752 1752 1752 1752 1752 1752 1752 1752 1752 1752 1752 1752 1752 1752 1752 1752 1206.96 419.68 238 238 238 238 238 238 238 238 238 238 238 238 238 238 238 238 238 238 238 238 238 238 238 238 238 238 238 238 238 238 238 238 238 238 238 238 238 238 238 238 238 238 238 238 238 238 238 238 238 238 238 238 238 238 238 238 238 238 238 238 238 238 238 238 238 238
1900.4 2246 2246 2246 2186.72 2206.48 2246 2246 1850.8 1752 1752 1752 1752 1752 1752 1752 1752 1752 1752 1752 1752 1752 1752 1752 1752 1752 1752 1025.28 238 238 238 238 238 238 238 238 238 238 238 238 238 238 238 238 238 238 238 238 238 238 238 238 238 238 238 238 238 238 238 238 238 238 238 238 238 238 238 238 238 238 238 238 238 238 238 238 238 238 238 238 238 238 238 238 238 238 238 238 238 238 238 238 238 238 238 238
2116.4 2246 2246 2246 2246 2246 2246 2246 2186.72 1791.52 1752 1752 1752 1752 1752 1752 1752 1752 1752 1752 1752 1752 1752 1752 1752 1752 1752 1449.2 238 238 238 238 238 238 238 238 238 238 238 238 238 238 238 238 238 238 238 238 238 238 238 238 238 238 238 238 238 238 238 238 238 238 238 238 238 238 238 238 238 238 238 238 238 238 238 238 238 238 238 238 238 238 238 238 238 238 238 238 238 238 238 238 238 238 238 238
2073.2 2246 2246 2246 2246 2246 2246 2246 2246 1890.32 1752 1752 1752 1752 1752 1752 1771.76 1791.52 1752 1752 1752 1929.84 1752 1752 1752 1752 1752 1630.88 298.56 238 238 238 238 238 238 238 238 238 238 238 238 238 238 238 238 238 238 238 238 238 238 238 238 238 238 238 238 238 238 238 238 238 238 238 238 238 238 238 238 238 238 238 238 238 238 238 238 238 238 238 238 238 238 238 238 238 238 238 238 238 238 238 238 238 238 238
2246 2246 2246 2246 2246 2246 2246 2246 2127.44 1870.56 2008.88 2008.88 1752 1752 1969.36 2147.2 2147.2 2186.72 1969.36 1910.08 2028.64 2246 1831.04 1752 1752 1752 1752 1752 1267.52 1146.4 238 238 238 238 238 238 238 238 238 238 238 238 238 238 238 238 238 238 238 238 238 238 238 238 238 238 238 238 238 238 238 238 238 238 238 238 238 238 238 238 238 238 238 238 238 238 238 238 238 238 238 238 238 238 238 238 238 238 238 238 238 238 238 238 238 238
2246 2246 2246 2246 2246 2246 2246 2246 2246 2246 2246 2246 2028.64 1752 1791.52 2246 2246 2246 2246 2246 2246 2107.68 1771.76 1752 1752 1752 1752 1752 1752 1752 1630.88 238 238 238 238 238 238 238 238 238 238 238 238 238 238 238 238 238 238 238 238 238 238 238 238 238 238 238 238 238 238 238 238 238 238 238 238 238 238 238 238 238 238 238 238 238 238 238 238 238 238 238 238 238 238 238 238 238 238 238 238 238 238 238 238 238
1900.4 2246 2246 2246 2246 2246 2246 2246 2246 2246 2246 2246 2246 2107.68 2186.72 2246 2246 2246 2246 2246 2246 2226.24 1791.52 1752 1752 1752 1752 1752 1752 1752 1328.08 238 238 238 238 238 238 238 238 238 238 238 238 238 238 238 238 238 238 238 238 238 238 238 238 238 238 238 238 238 238 238 238 238 238 238 238 238 238 238 238 238 238 238 238 238 238 238 238 238 238 238 238 238 238 238 238 238 238 238 238 238 238 238 238 238
2246 2246 2246 2246 2246 2246 2246 2246 2246 2246 2246 2246 2246 2246 2246 2246 2246 2246 2246 2246 2246 2246 2166.96 1771.76 1752 1752 1752 1752 1752 1752 1253.44 526.72 238 238 238 238 238 238 238 238 238 238 238 238 238 238 238 238 238 238 238 238 238 238 238 238 238 238 238 238 238 238 238 238 238 238 238 238 238 238 238 238 238 238 238 238 238 238 238 238 238 238 238 238 238 238 238 238 238 238 238 238 238 238 238 238
2246 2246 2012.72 2012.72 2246 2246 2246 2246 2246 2246 2246 2246 2246 2246 2246 2246 2246 2246 2246 2246 2246 2246 2246 2028.64 1811.28 1752 1752 1752 1353.28 1153.92 1040 1007.92 879.6 719.2 687.12 558.8 430.48 398.4 238 238 238 238 238 238 238 238 238 238 238 238 238 238 238 238 238 238 238 238 238 238 238 238 238 238 238 238 238 238 238 238 238 238 238 238 238 238 238 238 238 238 238 238 238 238 238 238 238 238 238 238 238 238 238 238 238 238
2129.36 2012.72 1779.44 1351.76 1585.04 1507.28 1585.04 2090.48 2246 2246 2246 2246 2246 2246 2246 2246 2246 2246 2246 2246 2246 2246 2246 2246 2246 1890.32 1752 1524.16 1040 1040 1040 1040 1040 1040 1040 1040 1040 590.88 238 238 238 238 238 238 238 238 238 238 238 238 238 238 238 238 238 238 238 238 238 238 238 238 238 238 238 238 238 238 238 238 238 238 238 238 238 238 238 238 238 238 238 230 230 238 238 238 238 238 238 238 238 238 238 238 238 238
1451.12 1274 1274 1274 1274 1274 1274 1351.76 2207.12 2246 1896.08 1546.16 1779.44 2129.36 2246 2246 2246 2246 2246 2246 2246 2246 2246 2246 2246 2246 1954.24 1125.44 1040 1040 1040 1040 1040 1040 1040 1040 1040 783.36 238 238 238 238 238 238 238 238 238 238 238 238 238 238 238 238 238 238 238 238 238 238 238 238 238 238 238 238 238 238 238 238 238 238 238 238 238 238 238 238 142 118 166 62 158 230 238 230 150 238 238 238 238 238 238 238 238 238
1200.56 1274 1274 1274 1274 1274 1274 1274 1429.52 1623.92 1312.88 1274 1274 2051.6 2246 2246 2246 2246 2246 2246 2246 2246 2246 2246 2246 2246 1811.84 1040 1040 1040 1040 1040 1040 1040 1040 1040 1040 943.76 270.08 238 238 238 238 238 238 238 238 238 238 238 238 238 238 238 238 238 238 238 238 238 238 238 238 238 238 238 238 238 238 238 238 238 238 238 238 238 238 238 110 38 38 38 38 38 118 110 38 142 238 238 238 238 238 238 238 238
1256.72 1274 1274 1274 1274 1274 1274 1274 1274 1274 1274 1274 1274 1546.16 2246 2246 2246 2246 2246 2246 2246 2246 2246 2246 2246 2149.52 1281.2 1040 1040 1040 1040 1040 1040 1040 1040 1040 1040 975.84 270.08 238 238 238 238 238 238 238 238 238 238 238 238 238 238 238 238 238 238 238 238 238 238 238 238 238 238 238 238 238 238 238 238 238 238 238 238 238 238 190 102 38 38 38 38 38 38 38 38 126 238 238 238 238 238 238 238 238
1261.04 1274 1274 1274 1274 1274 1274 1274 1274 1274 1274 1274 1274 1662.8 2246 2246 2246 2246 1934.96 2207.12 2246 2246 2246 2246 2149.52 1184.72 1040 1040 1040 1040 1040 1040 1040 1040 1040 1040 1040 1040 590.88 238 238 238 238 238 238 238 238 238 238 238 238 238 238 238 238 238 238 238 238 238 238 238 238 238 238 238 238 238 238 238 238 238 238 238 238 238 238 166 38 38 38 38 38 38 38 38 38 150 238 238 238 238 238 126 54 142
1269.68 1274 1274 1274 1274 1274 1274 1274 1274 1274 1274 1274 1274 1818.32 2246 2246 2246 1662.8 1274 1857.2 2246 2246 2246 2246 2246 1570.64 1232.96 1040 1040 1040 1040 1040 1040 1040 1040 1040 1040 1040 783.36 238 238 238 238 238 238 238 238 238 238 238 238 238 238 238 238 238 238 238 238 238 238 238 238 238 238 238 238 238 238 238 238 238 238 238 238 238 238 158 38 38 38 38 38 38 38 38 38 46 222 238 206 78 78 38 38 38
1274 1274 1274 1274 1274 1274 1274 1274 1274 1274 1274 1274 1274 1351.76 1429.52 1274 1274 1274 1274 1274 1585.04 2129.36 2246 2246 2246 2246 1956.56 1040 1040 1040 1040 1040 1040 1040 1040 1040 1040 1040 1007.92 462.56 238 238 238 302.16 430.48 238 238 238 238 238 238 238 238 238 238 238 238 238 238 238 238 238 238 238 238 238 238 238 238 238 238 238 238 238 238 238 238 222 62 38 38 38 38 38 38 38 38 38 190 126 46 38 38 38 38 38
1274 1274 1274 1274 1274 1274 1274 1274 1274 1274 1274 1274 1274 1274 1274 1274 1274 1274 1274 1274 1274 1351.76 1934.96 1818.32 1511.6 1570.64 1425.92 1040 1040 1040 1040 1040 1040 1040 1040 1040 1040 1040 1040 879.6 655.04 462.56 302.16 911.68 1007.92 622.96 238 238 238 238 238 238 238 238 238 238 238 238 238 238 238 238 238 238 238 238 238 238 238 238 238 238 238 238 238 238 238 238 190 38 38 38 38 38 38 38 38 38 38 38 38 38 38 38 38 38
1274 1274 1274 1274 1274 1274 1274 1274 1274 1274 1274 1274 1274 1274 1274 1274 1274 1274 1274 1274 1274 1274 1274 1274 1264.64 1068.08 1040 1040 1040 1040 1040 1040 1040 1040 1040 1040 1040 1040 1040 1040 1040 975.84 943.76 1040 1040 975.84 879.6 751.28 879.6 622.96 238 238 238 238 238 238 238 238 238 238 238 238 238 238 238 238 238 238 238 238 214 182 238 238 238 238 238 238 62 38 38 38 38 38 38 38 38 38 38 38 38 38 38 38 38 38
1274 1274 1274 1274 1274 1274 1274 1274 1274 1274 1274 1274 1274 1274 1274 1274 1274 1274 1274 1274 1274 1274 1274 1274 1274 1124.24 1040 1040 1040 1040 1040 1040 1040 1040 1040 1040 1040 1040 1040 1040 1040 1040 1040 1040 1040 1040 1040 1040 1040 1040 622.96 238 238 238 238 238 238 238 238 238 238 238 238 238 238 238 238 238 142 46 46 38 126 238 238 238 206 142 38 38 38 38 38 38 38 38 38 38 38 38 38 38 38 38 38 38
1274 1274 1274 1274 1274 1274 1274 1274 1274 1274 1274 1274 1274 1274 1274 1274 1274 1274 1274 1274 1274 1274 1274 1274 1274 1236.56 1040 1040 1040 1040 1040 1040 1040 1040 1040 1040 1040 1040 1040 1040 1040 1040 1040 1040 1040 1040 1040 1040 1040 1040 655.04 238 238 238 238 94 182 238 238 238 238 238 238 238 238 222 190 238 38 38 38 38 38 118 230 174 86 38 38 38 38 38 38 38 38 38 38 38 38 38 38 38 38 38 38 38
1274 1274 1274 1274 1274 1274 1274 1274 1274 1274 1274 1274 1274 1274 1274 1274 1274 1274 1274 1274 1274 1274 1274 1274 1274 1236.56 1040 1040 1040 1040 1040 1040 1040 1040 1040 1040 1040 1040 1040 1040 1040 1040 1040 1040 1040 1040 1040 1040 1040 1040 815.44 238 238 238 238 142 38 166 238 238 238 238 238 238 174 78 38 126 38 38 38 38 38 54 94 38 38 38 38 38 38 38 38 38 38 38 38 38 38 38 38 38 38 38 38 38
1274 1274 1274 1274 1274 1274 1274 1274 1274 1274 1274 1274 1274 1274 1274 1274 1274 1274 1274 1274 1274 1274 1274 1274 1274 1171.04 1040 1040 1040 1040 1040 1040 1040 1040 1040 1040 1040 1040 1040 1040 1040 1040 1040 478.88 358.64 1040 1040 1040 1040 1040 1040 462.56 238 238 238 238 110 46 214 238 238 238 238 238 126 38 38 38 38 38 38 38 38 38 38 38 38 38 38 38 38 38 38 38 38 38 38 38 38 38 38 38 38 38 38 38
1274 1274 1274 1274 1274 1274 1274 1274 1274 1274 1274 1274 1274 1274 1274 1274 1274 1274 1274 1274 1274 1274 1274 1274 1274 1161.68 1040 1040 1040 1040 1040 1040 1040 1040 1040 1040 1040 1040 1040 1040 1040 1040 719.36 38 38 438.8 919.76 1040 1040 1040 1040 879.6 238 238 238 238 214 38 126 222 238 238 238 238 230 118 38 38 38 38 38 38 38 38 38 38 38 38 38 38 38 38 38 38 38 38 38 38 38 38 38 38 38 38 38 38
771.6 821.84 470.16 1073.04 1022.8 671.12 1073.04 1274 1274 1274 1274 1274 1274 1274 1274 1274 1274 1274 1274 1274 1274 1274 1274 1274 1189.76 1040 1040 1040 1040 1040 1040 1040 1040 1040 1040 1040 1040 1040 1040 1040 1040 959.84 38 38 38 38 198.32 919.76 839.6 1040 1040 975.84 430.48 238 238 238 214 38 38 102 222 238 238 238 238 78 38 38 38 38 38 38 38 38 38 38 38 38 38 38 38 38 38 38 38 38 38 38 38 38 38 38 38 38 38 38
18 18 18 18 18 218.96 972.56 1274 1274 1274 1274 1274 1274 1274 1274 1274 1274 1274 1274 1274 1274 1274 1274 1274 1245.92 1049.36 1040 1040 1040 1040 1040 1040 1040 1040 1040 1040 1040 759.44 639.2 679.28 839.6 799.52 38 38 38 38 38 38 358.64 1040 1040 1040 622.96 238 238 222 86 38 38 166 238 238 206 142 94 38 38 38 38 38 38 38 38 38 38 38 38 38 38 38 38 38 38 38 38 38 38 38 38 38 38 38 38 38 38 38
18 18 18 18 369.68 1173.52 1274 1274 1274 1274 1274 1274 1274 1274 1274 1274 1274 1274 1274 1274 1274 1274 1274 1274 1274 1133.6 1040 1040 1040 1040 1040 1040 1040 1040 1040 1040 919.76 38 38 38 38 38 38 38 38 38 38 38 38 238.4 799.52 1040 655.04 214 118 206 62 38 38 198 238 238 174 46 38 38 38 38 38 38 38 38 38 38 38 38 38 38 38 38 38 38 38 38 38 38 38 38 38 38 38 38 38 38 38 38
18 18 570.64 1022.8 1274 1274 1274 1274 1274 1274 1274 1274 1274 1274 1274 1274 1274 1274 1274 1274 1274 1274 1274 1274 1274 1264.64 1068.08 1040 1040 1040 1040 1040 1040 1040 1040 759.44 158.24 38 38 38 38 38 38 38 38 38 38 38 38 38 38 398.72 1040 422.72 38 46 54 38 126 230 238 214 38 38 38 38 38 38 38 38 38 38 38 38 38 38 38 38 38 38 38 38 38 38 38 38 38 38 38 38 38 38 38 38 38 38
18 18 269.2 1274 1274 1274 1274 1274 1274 1274 1274 1274 1274 1274 1274 1274 1274 1274 1274 1274 1274 1274 1274 1274 1274 1189.76 1040 1040 1040 1040 1040 1040 1040 1040 1040 438.8 38 38 38 38 38 38 38 38 38 38 38 38 38 38 38 38 358.64 358.64 38 38 38 38 78 38 102 222 102 38 38 38 38 38 38 38 38 38 38 38 38 38 38 38 38 38 38 38 38 38 38 38 38 38 38 38 38 38 38 38 38 38
18 18 218.96 1274 1274 1274 1274 1274 1274 1274 1274 1274 1274 1274 1274 1274 1274 1274 1274 1274 1274 1274 1274 1274 1274 1255.28 1227.2 1180.4 1058.72 1040 1040 1040 1040 1040 1040 599.12 38 38 38 38 38 38 38 38 38 38 38 38 38 38 38 38 38 38 38 38 38 38 38 38 38 54 38 38 38 38 38 38 38 38 38 38 38 38 38 38 38 38 38 38 38 38 38 38 38 38 38 38 38 38 38 38 38 38 38 38
18 18 319.44 1274 1274 1274 1274 1274 1274 1274 1274 1274 1274 1274 1274 1274 1274 1274 1274 1274 1274 1274 1274 1274 1274 1274 1274 1274 1086.8 1040 1040 1040 1040 1040 1040 919.76 38 38 38 38 38 38 38 38 38 38 38 38 38 38 38 38 38 38 38 38 38 38 38 38 38 38 38 38 38 38 38 38 38 38 38 38 38 38 38 38 38 38 38 38 38 38 38 38 38 38 38 38 38 38 38 38 38 38 38 38
18 18 18 1073.04 1274 1274 1274 1274 1274 1274 1274 1274 1274 1274 1274 1274 1274 1274 1274 1274 1274 1274 1274 1274 1274 1274 1274 1255.28 1049.36 1040 1040 1040 1040 1040 1040 1040 158.24 38 38 38 38 38 38 38 38 38 38 38 38 38 38 38 38 38 38 38 38 38 38 38 38 38 38 38 38 38 38 38 38 38 38 38 38 38 38 38 38 38 38 38 38 38 38 38 38 38 38 38 38 38 38 38 38 38 38 38
18 18 18 269.2 269.2 319.44 1274 1274 1274 1274 1274 1274 1274 1274 1274 1274 1274 1274 1274 1274 1274 1274 1274 1274 1274 1274 1274 1274 1171.04 1040 1040 1040 1040 1040 1040 959.84 278.48 38 398.72 839.6 158.24 38 38 38 38 38 38 38 38 38 38 38 38 38 38 38 38 38 38 38 38 38 38 38 38 38 38 38 38 38 38 38 38 38 38 38 38 38 38 38 38 38 38 38 38 38 38 38 38 38 38 38 38 38 38 38
18 18 18 18 18 18 671.12 1073.04 1274 1274 1274 1274 1274 1274 1274 1274 1274 1274 1274 1274 1274 1274 1274 1274 1274 1274 1274 1274 1180.4 1040 1040 1040 1040 1040 1040 1040 1040 719.36 959.84 1040 719.36 118.16 38 38 38 38 38 38 38 38 38 38 38 38 38 38 38 38 38 38 38 38 38 38 38 38 38 38 38 38 38 38 38 38 38 38 38 38 38 38 38 38 38 38 38 38 38 38 38 38 38 38 38 38 38 38
18 18 18 18 18 18 68.24 972.56 1274 1274 1274 1274 1274 1274 1274 1274 1274 1274 1274 1274 1274 1274 1274 1274 1274 1274 1274 1274 1189.76 1040 1040 1040 1040 1040 1040 1040 1040 1040 1040 1040 1040 719.36 38 38 38 38 38 38 38 38 38 38 38 38 38 38 38 38 38 38 38 38 38 38 38 38 38 38 38 38 38 38 38 38 38 38 38 38 38 38 38 38 38 38 38 38 38 38 38 38 38 38 38 38 38 38
18 18 18 18 18 18 922.32 1123.28 1274 1274 1274 1274 1274 1274 1274 1274 1274 1274 1274 1274 1274 1274 1274 1274 1274 1274 1274 1274 1227.2 1040 1040 1040 1040 1040 1040 1040 1040 1040 1040 1040 1040 358.64 38 38 38 38 38 38 38 38 38 38 38 38 38 38 38 38 38 38 38 38 38 38 38 38 38 38 38 38 38 38 38 38 38 38 38 38 38 38 38 38 38 38 38 38 38 38 38 38 38 38 38 38 38 38
18 18 18 18 18 18 18 972.56 1274 1274 1274 1274 1274 1274 1274 1274 1274 1274 1274 1274 1274 1274 1274 1274 1274 1274 1274 1208.48 1133.6 1040 1040 1040 1040 1040 1040 1040 1040 1040 1040 1040 1040 438.8 278.48 238.4 38 358.64 839.6 1040 759.44 158.24 38 38 38 38 38 38 38 38 38 38 38 38 38 38 38 38 38 38 38 38 38 38 38 38 38 38 38 38 38 38 38 38 38 38 38 38 38 38 38 38 38 38 38 38 38 38
18 18 18 18 18 118.48 771.6 1274 1274 1274 1274 1274 1274 1274 1274 1274 1274 1274 1274 1274 1274 1022.8 1173.52 1274 1274 1264.64 1161.68 1040 1040 1040 1040 1040 1040 1040 1040 1040 1040 1040 1040 1040 1040 1040 1040 1040 839.6 959.84 1040 1040 1040 919.76 238.4 38 38 38 38 38 38 38 38 38 38 38 38 38 38 38 38 38 38 38 38 38 38 38 38 38 38 38 38 38 38 38 38 38 38 38 38 38 38 38 38 38 38 38 38 38
18 18 18 68.24 520.4 620.88 1274 1274 1274 1274 1274 1274 1274 1274 1274 1274 1274 1274 1274 1173.52 470.16 18 18 319.44 602.16 1058.72 1040 1040 1040 1040 1040 1040 1040 1040 1040 1040 1040 1040 1040 1040 1040 1040 1040 1040 1040 1040 1040 1040 1040 1040 839.6 38 38 38 38 38 38 38 38 38 38 38 38 38 38 38 38 38 38 38 38 38 38 38 38 38 38 38 38 38 38 38 38 38 38 38 38 38 38 38 38 38 38 38 38 38
18 18 18 68.24 671.12 1223.76 1274 1274 1274 1274 1274 1274 1274 1274 1274 1274 1274 1274 1274 821.84 18 18 18 18 304.16 1040 917.36 1040 1040 1040 1040 1040 1040 1040 1040 1040 1040 1040 1040 1040 1040 1040 1040 1040 1040 1040 1040 1040 1040 1040 759.44 118.16 38 38 38 38 38 38 38 38 38 38 38 38 38 38 38 38 38 38 38 38 38 38 38 38 38 38 38 38 38 38 38 38 38 38 38 38 38 38 38 38 38 38 38 38
