eomf-prod/eomf/data/ecohealth/dudn.asc
ncols         992
nrows         717
xllcorner     68.144226
yllcorner     5.633471
cellsize      0.041667
NODATA_value  -9999
[rows 270 to 314 of 717, columns 480 to 575 of 992]
241 241 241 241 241 241 241 241 241 241 241 241 241 241 106.76 82.44 84.56 58.4 100.36 80.8 51 63.88 63.88 91.48 97 132 222 222 221.8 221.24 231.6 295.2 486 478.28 439.68 414.84 110.28 76.28 13 143.8 231 231 231 231 316.76 365 353.04 77.96 66 66 66 63.76 66.96 72 72 72 72 86.76 190.08 195 195 198.36 176.72 261.72 493.6 837.92 924 907.88 875.64 924 811 749.2 706 648.76 615.16 642.04 449.56 201 120.04 140.12 113 113 113 117.2 192.56 218 153.6667 183.4 198.25 223 197.7143 46 46 46 46 46
241 241 241 241 241 241 241 241 241 241 241 241 241 181.72 64.36 57 57 52.68 51 51 51 51 54.68 102.12 184.04 217.6 222 221.92 221.2 223.24 256.84 280.88 285.36 320.68 293 300.72 276.44 181 13 126.36 231 231 189.28 123.72 332.24 353.68 341.08 90.68 72.08 81.2 72.88 58 58.56 71.44 72 72 72 86.76 195 195 195 168.12 147 149.4 276.64 310.64 477.92 812.48 845.52 639.64 689.8 679 679 679 679 564.28 277.48 201 113 113 113 113 113 113 128.6087 218 142.4783 25 56.68 207.16 134.5 46 46 46 46 46
241 241 241 241 241 241 241 241 241 241 241 241 241 175.04 123.12 60.48 57 54.12 51 51 59.4 74.52 76.36 146.12 219.72 224.04 222.24 222 221.28 254.6 277 277 277 290.44 293 293 293 281.8 24.2 74.04 198.52 188.28 82 82 161.24 94.64 197 173.08 85 85 65.56 58 58 91.52 127.64 170.44 72 81.84 195 195 195 173.88 140.92 119.64 113.72 175.08 227 359.08 413.48 278.44 351.8 417.24 679 679 679 334.84 201 201 127.08 113 113 113 113 109.7826 76 138.48 151 25 25 91 89.375 46 46 46 46 46
241 241 241 241 241 241 241 241 241 241 241 241 241 177.6364 144 137.04 126.6 100.08 137.08 316.6 223.8 93 93 93 140.52 225 225 223.44 223.24 245.32 270.76 221.56 181.24 184.44 270.28 293 293 293 158.6 69 153.8 147.52 89.28 82 83.32 85 85 85 85 77.44 63.4 58 58 140.28 179 170.44 72 135.96 195 195 193.08 170.04 145.48 146.24 115.84 146.76 254.2 430.2 481 413.48 270 270 449.96 646.28 679 392.2 201 176 104.32 105.6 110.04 113 113 101.7391 76 76 61.72 25 25 25 32.56 44.32 44.32 39.28 44.32 46
241 241 241 241 241 241 241 241 241 241 241 241 287.36 282.25 158.3636 144 144 144 163.12 383 383 139.4 93 93 243.28 296.08 268.96 231.28 225 225 204.28 151 151 151 151 746.76 740.36 293 293 288.2 173 173 122.04 82 84.04 85 85 85 81.76 58 58 58 58 154.8 179 101.96 86.76 195 195 195 172 135.6 134.08 129.52 122.68 109 112.16 153.64 470.92 312.2 270 270 270 319.08 309.24 289.8 201 186 76 76 77.48 87.84 83.4 76 76 76 57.64 25 25 25 25 27.52 25.84 25 41.8 46
241 241 241 241 241 241 241 241 241 260.52 265.4 253.2 302 302 167.7 144 144 144 210.92 383 383 197.4 93 93 382 382 382 382 382 344.32 233.44 151 151 151 151 1354.6 2157 955.16 213.08 173.96 173 173 162.08 139.72 132.44 57.8 40.8 54.4 45 63.84 72.6 92.96 125.76 169.32 179 193.72 167.52 304.8 297.48 282.84 260.44 133.52 128 128 140 175.36 184.84 156.52 229.48 238.84 243.76 237.2 251.96 251.96 230.64 226.76 201 173.8261 76 76 76 76 76 76 76 76 63.76 25 25 25 25 25 25 25 35.92 46
241 241 241 241 241 241 241 241 243.44 289.8 299.56 277.6 302 302 231.7778 144 144 144 144 197.44 355.56 340.04 199.6667 93 382 382 382 382 382 382 278.28 147.88 151 151 151 712.68 2157 71 71 107.72 160.76 156.68 140.5455 125 109.96 67.76 0 0 0 46.56 131 152.12 177.08 179 179 194.92 370.04 378 378 369.84 231.12 164.8 128 132.8 144.8 188 188 205.2 256 238 229 229 230.64 230.64 229 186.6522 126 110.0909 76 76 76 76 76 76 76 76 59.68 25 25 25 25 25 25 25 29.2 46
241 241 241 241 241 241 241 253.2 277.6 302 302 302 302 302 194.2727 144 144 144 144 189.12 285 285 279.32 214 214 310 -9999 382 382 382 204.5455 139.56 141.64 143.72 143.2 1434.32 2157 71 71 71 71 75.08 71 71 121 111.32 24.2 0 0 0 73.36 131 134.84 169.4 179 179 253.4 309.36 367.44 345.36 209.88 281.64 266 173.6 188 188 188 358.24 454 355 346 229 229 229 222.0455 76 76 76 76 76 76 76 76 76 76 76 63.76 25 25 25 25 25 25 25 27.52 39.28
241 241 241 241 241 241 241 253.2 287.36 302 302 302 302 199.3 150.8696 144 144 144 206.04 262.44 285 285 267.96 214 228.4 334 334 334 -9999 38 71.33334 138 138 138 138 1349.4 2157 2157 71 87.27273 71 148.76 139.04 129.8333 133.8 121.8421 77.44 9.68 0 0 65.5 131 131 138.84 150.36 136.04 213.84 246 256.08 239.68 461.04 473 416 267.8 279.2 188 262.48 454 454 454 454 229 232.84 243.4 111.8636 76 76 76 76 76 76 76 76 76 76 76 76 35.2 25 25 25 25 25 25 25 26.68
241 241 241 241 241 241 241 260.52 302 302 288.9412 99.30434 135.0909 144 144 144 144 149.64 285 285 285 273.64 233.88 214 252.4 334 334 399.375 322 38 38 138 138 138 138 541.8 2157 2157 -9999 429 262.8 207.4 174.16 149 137 137 121 30.25 0 0 65.5 131 131 41.92 0 0 213.8 246 246 364.04 499.2 473 441.44 304.68 261.72 371.52 443.36 454 454 454 460.12 407.2 248.2 253 135 76 76 76 76 76 76 76 76 76 76 76 76 45.4 25 25 25 25 25 25 25 25
241 241 245.88 253.2 260.52 272.72 272.72 289.8 302 302 302 80 92.8 110.72 144 144 131.04 83.16 135.6 285 276.48 222.52 214 214 286 334 375.84 731.48 431.12 38 38 38 -9999 138 138 -9999 -9999 2157 -9999 429 417.92 429 329.28 161.28 137 137 138.0556 152.5455 99.27273 156 129.1765 131 131 15.72 0 0 206.64 246 246 455.56 546.36 525.4 399.36 210 210 249.04 444.24 454 454 454 496.84 507.88 394.6 253 116.2273 76 76 76 76 76 76 76 76 76 76 76 76 39.28 25 25 25 25 25 25 25 25
241.24 246.12 289.8 302 302 302 302 302 302 302 171.4118 80 80 103.04 144 135.36 61.92 36 45.96 195.36 161.24 214 219.4 214 276.4 327.08 508.44 857 365.6 38 38 38 38 38 38 468 468 468 468 -9999 429 304.2 191.88 140.68 134.8261 137 148.0833 156 156 156 135.1667 129.5217 131 93.56 132.48 249.44 708.84 246 269.12 504.28 604 604 267.8 210 210 210 536.08 715.76 1010.24 989.76 633.6 607 607 536.2 76 76 76 76 76 76 76 76 75.52 73.6 74.08 75.52 76 35.2 25 25 25 25 25 25 25 25
246.04 277.8 302 302 302 302 302 302 302 302 154 80 80 82.56 108.16 109.6 36 36 36 36 36 194.44 239.2 213.36 224.84 174.84 216.68 411.56 85.52 38 38 38 38 41.92 55.2 450.8 468 468 555.3684 634 -9999 117 117 117 117 127.4 137.8636 146.0909 152.1364 156 147.6 114 106.7333 61.72727 339.6 623.6 1191.36 350.04 511.88 535 565.36 554.75 210 280.4 544.4 386 1187.04 1272 1272 1272 1019.16 607 309.64 168.3478 76 76 76 76 76 76 76 74.08 64.96 64 64 64.48 73.6 37.24 25 25 25 21.92 25 25 25 24.96
295.4 297.6 302 302 302 302 302 302 302 302 145.2941 80 80 80 80 152.32 49.6 36 36 36 36 223.24 259 206.24 161 161 161 161 141.32 76.88 81.2 38 39.96 77.2 87 346.08 468 468 567.6 634 319.3333 -9999 -9999 117 117 117.8 92.12 73.64 71 71 82.59091 113.9524 114 125.4286 1332.842 1033.2 507.4 527.92 698.52 535 535 535 540 491.6 650 674.88 1222.24 1272 1255.76 1042.96 1215.44 930.96 404.7143 177.1429 76 76 76 76 76 76 71.2 64.96 64 64 64 64 71.68 36.88 25 25 25 15.32 19.5 25 24.92 24.24
299.8 302 302 302 302 302 302 302 302 302 154 80 80 210.24 352.32 376 181.52 122.48 84.88 36 80.6 259 259 235.48 168.84 161 161 161 161 158.84 158 107.36 83.08 87 87 193.68 437.52 468 345.6 180.88 162 162 162 205 117 98.18182 71 71 71 71 59.64 18.5 87.17647 114 114 251.5 364 745.92 759.84 535 -9999 -9999 630.5555 643 643 799.28 1272 1272 1158.32 895.12 1215.44 1230 478.9091 151.8571 76 76 76 76 76 71.2 64 64 64 64 64 64 64 46.84 25 25 25 14.88 14 18.52941 22.64 24
255.8 269 269 299.8 302 302 302 302 302 302 291.4286 177.68 308.7273 376 376 376 238.24 130 122.48 73.6 104.56 259 259 259 208.04 161 157.84 161 161 158.6 158 158 113.36 102.12 112.92 91.32 167.4 468 370.08 162 162 162 198.68 293 293 -9999 71 105.6667 145.88 71 212.24 214.28 116.88 0 38 364 364 909.6 552.353 469 463 -9999 475 475 482 825.68 1272 1125.84 882.24 866 1157.68 1267.6 595.3 76 76 76 76 76 73.12 64.48 64 64 64 64 64 64 64 43.72 25 25 25 16.64 14 14 16.4 24
247 247 247 271.2 297.6 302 302 302 302 302 302 302 351.3333 376 376 376 257.92 130 130 130 105.76 131.56 117.4 195.28 138.64 82 88.32 91.48 120.04 154.52 156.72 158 151.88 136.68 141 136.68 141 272.64 223.2 162 162 162 193.44 293 270.25 293 275.9375 102.8 227 166.68 387.16 487 467.52 175.32 0 1022 978.1334 959.5555 463 463 463 475 475 475 475 666.28 1255.76 947.2 866 866 1263.44 1402.96 1256.826 93.78947 76 76 76 76 64.48 64 64 64 64 64 64 64 64 57.76 25 25 25 19.28 14 14 14 21.2
247 247 247 255.8 247 282.2 302 302 302 302 302 302 302 349.0909 376 376 169.36 130 130 149.44 88.64 82 82 82 82 82 82 82 125.2 142 142 145.2 148.92 141.12 141 141 141 141.84 155.28 162 162 166.24 238.32 157.96 30.92 52.76 63.68 20 227 411.1667 487 487 487 343.52 45.32 239.36 657.48 1022 513.8182 463 463 472.8182 475 475 475 462.76 1000.8 844.24 866 932.24 1395.92 1418 1277.24 172.5714 76 76 76 74.08 64.48 64 64 64 64 64 64 64 64 64 39.04 25 25 20.6 14 14 14 16
247 247 247 247 247 275.6 302 302 302 302 302 302 302 302 330.1905 291.4286 198.32 227.6 208.08 173.32 155.04 108.56 85.32 82 82 82 82 82 127.6 142 142 142 155.6 210 187.92 141 161.8 164.4 158.96 221.36 217.12 251.04 268 89.44 95.68 20 20 20 20 487 426.3684 149.08 164.44 118.36 129.16 312.28 377.08 1022 608 370 370 427.75 475 475 446.92 325.24 322 322 452.56 847.12 1324.16 948.8 526.52 245 141.7222 76 76 72.16 64 64 64 64 64 64 64 64 64 64 62.44 32.8 25 20.64 14 14 14 14
247 247 247 247 258 299.8 302 302 302 302 302 302 302 302 302 260.6956 252 252 252 182.4 165 165 147.16 250.56 190.36 142.2 166.28 158.16 145.68 142 142 142 166.48 210 210 170.08 206 206 233.28 268 268 268 268 537.28 966 398.4 171.36 20 20 -9999 -9999 103 103 103 103 286.12 517.28 1022 370 370 370 374.2 449.8 424.6 175.96 124 282.4 322 322 290.8 356.76 245 245 245 226.2222 76 76 72.16 64 64 64 64 64 64 64 64 64 64 64 52.68 22.85714 19.96 14.72 14 14 14.4
247 247 247 247 253.6 302 302 302 302 302 302 302 302 302 299.3684 252 252 233.6 132.4 122.72 159.28 159.28 295.8 383 383 383 379.52 354 345.52 192.88 142 142 144.72 204.56 210 207.92 206 206 208.48 265.52 268 268 268 603.04 966 966 625.44 20 -9999 -9999 -9999 -9999 -9999 -9999 -9999 321 846.75 1022 370 370 370 370 370 370 183.04 124 171.52 314.08 262.72 244 244 244.32 245 245 245 86.5625 76 74.56 65.92 64 64 64 64 64 64 64 64 64 55.2 25.28 20 20 16.64 14 14.4 21.6
247 247 247 247 271.2 302 302 302 302 302 302 302 302 302 168.087 68 31.2 77.2 22 22 50.16 147.84 338.6 383 383 383 388.12 373.2 354 354 294.64 167.44 142 182.8 210 208.24 206 206 206 230.8 268 268 268 685.6 936.88 966 814.64 440.4445 -9999 -9999 -9999 353 353 353 -9999 -9999 -9999 -9999 370 370 370 370 370 370 242.08 124 124 195.28 251.68 244 244 244.04 224.28 355.24 453.24 303.3182 76 75.04 66.88 64 64 64 64 64 64 64 64 61.96 24.04 20 20 20 17.6 14 14.8 22.4
247 247 247 247 271.2 302 302 302 302 302 302 302 302 232 55.6 22 22 22 22 71.28 134.64 198 264.6 360.8 383 453.08 459.12 414 392.4 361.2 354 328.56 207.44 206.56 230 213.28 162.32 176.88 206 206 248.72 244 250 259.6 297.44 761.2 667 687.3 37 37 37 353 345.48 323.76 317.8182 310 853.6 914 -9999 464.6667 586.381 460.88 385.2 643.6 644.48 399.44 124 124 176.8 244 228.64 151.84 116 309.44 519 430.4 76 71.2 64 64 64 64 64 64 64 64 64 39.52 13 20 20 20 18.8 14 14 14.4
247 247 247 247 255.8 299.8 302 302 302 302 302 302 302 274 22 22 22 22 22 176.88 198 198 198 235 680.84 785.96 674.48 414 414 414 397.2 266.96 138.96 244 260 232.48 120.8 125.92 132.68 114.48 178.16 238 238 238 238 338.48 362.5909 211 37 37 253 325.8 318.64 311.08 310 310 800.75 914 -9999 -9999 654 642.64 544.24 692.88 750 750 651.4 132.84 129.2 215.92 167.2 116 116 180.48 519 500.5417 69.4 64 93.04348 64 64 64 64 64 64 64 64 19.375 13 17.76 20 20 20 14.48 14 14
247 247 247 247 247 282.2 304.12 312.6 302 302 302 302 302 271.76 179 88.88889 148.7368 112.5263 128.2222 198 211.8333 269.2 205.12 397.36 821 821 821 641.92 414 414 414 108.56 82 160.32 260 231 167.2 114.48 106.68 102 102 227.12 238 238 238 294.32 414 360.1429 37 37 -9999 319 319 318.64 313.15 310 876.25 914 -9999 654 654 654 591.36 561.12 707.16 700.96 210.56 137 137 125.24 116 116 116 175.6 366.6 508.84 177.75 84.04 231 164.2 64 64 64 64 64 64 64 27.28 13 15.24 20 20 20.12 15.64 14 14
247 247 247 247 247 268.6 337.72 338.04 302 302 302 302 302 271.76 194 194 194 194 194 245.9091 341.2727 368.88 304.8 507.72 821 821 821 821 495.4 446.56 414 82 82 82 110.48 252.88 260 153.08 139.92 102 102 145.52 221.68 258.4 266.16 406.96 414 202.88 37 37 -9999 -9999 319 319 374 -9999 914 -9999 654 654 654 633.12 413.88 393 407.28 379.8 149.76 137 137 120.2 116 116 163.68 265 488.52 519 177.75 117.44 231 231 89.05 64 64 64 64 64 64 45.64 13 13.28 19.44 20.44 20.92 17.64 14 14
285.88 320.44 290.2 247 247 324.76 355 323.2 302 302 302 302 302 232.88 194 194 194 194 214.25 356 356.8 375.2 376 500.6 803.2 821 821 821 821 576.8 353.6 82 82 82 82 224.4 260 260 190.48 102 102 102 107.44 473.32 414 414 414 172.72 45.16 41.08 37 -9999 319 354.4167 400.6 404 -9999 -9999 206.6667 400.24 497.84 570.48 393 393 398.04 453.48 417.72 328.72 231.96 116 116 116 151.76 235.2 285.32 519 314.25 104.08 231 231 168.375 64 64 64 64 64 64 59.92 13 13 14.68 19.96 21 20.44 14.28 14
320.44 355 355 355 350.68 350.68 355 355 331.68 302 302 302 293.36 202.64 194 194 194 227.75 335.75 356 356.8 375.2 376 376 625.2 821 821 827.24 821 782.52 467.68 133.6 82 138.96 96.24 217.28 281.36 381.68 465.04 289.68 133.28 305.32 430.44 474.04 407.84 394.8 399.6 209.6 110.44 134.92 129.2857 139 139 736.5 659.36 404 -9999 -9999 166 166 166 284.04 393 397.52 433.32 456 456 626.04 783 470.28 116 116 215.4 181.56 265 427.56 496.25 64 224.32 231 517.6667 123.6087 64 64 64 64 64 64 17.08 13 13 14.6 21 21 17.08 18.08
350.68 355 355 355 355 355 355 335.92 308.36 302 302 302 297.68 194 194 194 194 248 356 356 356.8 376 376 515.16 813.36 864.68 862.6 870.92 717.52 340 359.24 298.72 143.92 309.84 381.04 402.4 438 440.2 482 461.72 414.8 493 493 493 410.6 390 390 333.6 185.08 208.12 142.84 139 139 936 936 936 -9999 -9999 166 166 196.24 416 414 419.52 452.96 456 482.16 756.84 797.88 845 845 776.4 618.84 523.4 502.2 568.68 542.68 328.6 322.44 386.44 1194.2 325.1429 64 64 64 64 64 41.82609 15.04 13 13 13 21 21 24.24 111.92
355 355 355 355 355 355 342.28 310.48 302 302 302 302 284.72 194 194 194 194 239 356 356 356 376 376 654.32 873 873 873 873 851.68 361.32 340 273.12 340 414.48 438 438 438 438 446.8 490.8 493 493 493 488.88 394.12 390 388.24 370.64 319.36 252.76 139 139 139 -9999 -9999 936 -9999 -9999 -9999 192.5263 286.96 418 418 418 562.64 517.68 625.12 780.2 805.32 845 845 845 773.04 588 588 619.28 592.72 510.16 505 877 1360.6 912.7143 64 64 64 64 55.32 31.79167 15.4 13 13 13 20.04 20.68 15.24 103.64
355 355 355 355 355 355 314.72 302 302 302 302 302 250.16 194 194 194 194 287.7895 356 356 361.6 376 376 594.68 873 873 873 873 873 659.8 298.2 131 254.28 379.2 944.88 442 322.28 301.24 360.52 386 493 493 527.72 455.16 390 390 356.56 346 346 261.64 162.04 143.8 139 74 74 469.8824 747 -9999 -9999 418 418 418 465.2 571.4 713 713 713 715.8 798.44 845 845 845 845 639.4 588 628.48 634 566.92 505 505 542.2 1194.478 241.5217 62.78261 50.73684 40.5 33.36 33 32.2 13.8 13 16.2 17.16 13.64 13 74.8
355 355 355 355 355 355 271.36 237.2 263.12 289.04 302 302 241.52 194 194 194 194 214.25 345.4286 353.6 348 344 354 467.28 756.64 728.8 642.28 613.44 815.32 568.4 226.16 143.88 5.24 1144.8 1307 344.8 175 175 148.12 128.68 476.44 555 552.52 462.6 396.6 352.08 329.44 346 346 323.8 239.44 235 162.2222 74 127.84 720.08 747 747 -9999 -9999 -9999 418 602.375 713 713 713 713 713 792.2 845 845 845 845 680.52 588 628.48 636.6 673.04 536.04 520.52 505 408.88 202.12 36 36 36 34.8 33 33 33 27.4 33 26.6 13 13 57.48
355 355 355 355 355 355 232.64 194 194 194 224.24 280.4 237.2 194 194 194 194 194 279.8 326 326 326 326 319.04 186.8 152 152 152 152 282.08 423 399.64 186.12 1219.28 797.6 175 190.6 178.12 113.56 79 378.68 555 555 555 396.6 229.84 208 235.6 235.6 257.68 210.16 213.4 109.4583 74 74 -9999 -9999 668.5 433 433 433 713 713 713 713 713 713 713 818.6 845 835.88 838.16 845 711.36 669.76 838.6 988.1667 747 683.48 597.4 159.8333 71.68 34 34 35.84 36 34.2 33 41.16 53.4 38.44 23.4 11.56 24.2 63.4 83
355 355 355 355 355 303.48 200.44 194 194 194 194 194 198.32 194 194 194 194 194 199.5 256.8571 326 326 326 326 195.44 152 162.84 314.6 314.6 336.28 423 423 709.6 742.4 354.52 184.36 211 85.96 79 79 174.2 345.56 459.8 448.76 389.08 408.12 439.12 233.68 285.04 208 208 170.56 104 74 -9999 433 433 433 433 433 -9999 -9999 713 713 713 713 713 756.4211 794.84 788 788 788 788 756 1036.8 1099 927.5714 699 699 581.647 34 34 34 34 35.6 36 37 60.44 67 67 31.72 4 10.32 83 83 83
355 355 355 355 355 226.2 194 194 194 194 194 194 194 194 194 194 194 194 194 211.6667 249.6 203.76 196.12 145.56 105.2 104.48 102.12 382.56 423 423 423 423 427.92 256.56 60.72 253 253 384.48 255.68 311.92 117.4 125.08 146.92 389 389 425.88 700.72 747.28 850 772.96 336.4 116.48 104 104 -9999 -9999 433 433 433 433 -9999 -9999 -9999 -9999 -9999 501 501 501 788 788 788 788 788 788 977.3043 1099 965.6667 699 699 78.33334 34 34 34 34 35.6 36 36 47.16 67 56.92 6.52 4 19.8 83 83 75.32
355 355 355 355 309.92 194 194 194 194 194 194 194 194 194 194 194 194 194 188.6364 138.1053 135 135 135 93.84 86 86 86 112.96 342.12 423 423 423 496.8 546 297.76 289.56 454.08 710 710 335 118.6 127 127 389 389 389 277.84 501.12 800.16 703.88 358.52 141.2 203.96 318.2 461 461 -9999 -9999 -9999 321 321 321 321 501 501 501 501 501 501 -9999 -9999 -9999 -9999 -9999 -9999 -9999 1099 699 699 34 34 34 34 34 35.44 36 36 36 52.12 30.76 5.28 4 10.32 83 65.08 24.12
355 355 355 355 355 219.76 194 194 194 194 194 194 194 194 194 194 194 194 188.1 135 135 135 135 115.4 87.96 86 86 86 138.76 423 423 423 496.8 546 417.08 563.76 710 660 385 85 115.96 340.24 348.72 389 389 356.6 227 227 227 500.6 569 461.36 461 461 461 461 -9999 -9999 321 321 321 346.44 692 -9999 501 501 501 501 501 -9999 -9999 -9999 -9999 -9999 -9999 -9999 -9999 -9999 -9999 34 34 34 34 34 35.04 36 36 36 36 36 14.24 4 103.56 76.12 19 19
357.4 355 355.6 355 355 226.2 194 194 194 194 194 194 194 194 194 194 194 194 194 163.0952 135 135 135 135 121.28 86 86 77.88 66.28 130.2 349.8 432.84 541.08 546 530.52 673.44 346.8 85 85 85 98.8 357.72 420.16 268.2 280.6667 246.44 227 227 391.16 569 713.2 1223.68 792.6 527.32 431.84 402.68 412.4 321 321 321 321 702.6 957 -9999 501 501 501 501 501 501 -9999 -9999 -9999 -9999 -9999 -9999 -9999 -9999 -9999 -9999 -9999 34 34 34 34.08 39.84 36 36 36 36 36 96.16 135 135 74.68 19
369.4 369.4 369.4 367 366.4 207.48 194 194 194 194 194 194 194 194 194 194 194 194 194 140.1304 102.52 56.12 70.04 135 153.48 122.8 95.2 80.2 61.64 57 57 448.2 343.2 525.72 394.96 551.24 269 195.4 99.72 85 85 333.4 430 87 87 502.4783 709.72 508.84 569 569 831.1818 1290 1290 946.96 276.32 218 218 321 321 321 321 880.68 957 957 501 501 501 501 501 501 -9999 -9999 -9999 -9999 -9999 -9999 -9999 61 61 61 -9999 -9999 74 102 110 98.72 36 36 36 36 48 151.44 135 114.4 130.36 23.64
370 370 370 370 362.4 202.8 194 194 194 212.72 237.68 194 194 194 194 194 194 194 194 77.33334 19 19 33.56 129 201 201 196.4 67.4 57 57 57 54.84 39 241.8 259.8 269 269 269 269 224.84 171.96 430 301.08 128.44 87 1022.2 1089 920 559.5455 -9999 1290 1290 1204.24 1118.48 346.64 218 218 218 321 321 321 957 957 957 -9999 501 501 501 501 501 -9999 -9999 -9999 -9999 -9999 -9999 -9999 61 61 61 -9999 -9999 -9999 134 134 134 59.2 51.36 71.84 36 138 165.6 114.4 32 64.96 62.96
370 370 354.32 354.8 286.4 180 229.2 228.32 209.6 250.16 272 231.44 194 194 194 194 194 194 185.25 44 19 19 114.44 198.36 201 201 189.48 68.52 57 57 57 43.32 39 39 164.44 227.72 269 269 269 235.24 160.44 312.8 160.44 103 87 983.5263 982.4 556 556 1080.286 1290 904.08 303.76 218 218 572.48 867.88 1695 550 321 394.92 805.32 876.36 930.48 492.9 -9999 501 501 501 501 -9999 -9999 -9999 -9999 -9999 -9999 -9999 61 61 61 61 -9999 -9999 134 134 134 120.4 100 100 75.36 174 175.8 126.76 32 32 60.88
370 358.24 287.68 227.84 180 216.8 272 272 272 272 272 268.88 200.5 194 194 194 194 194 194 185.25 34.36 68.92 115 159.72 163.16 201 183.72 62.76 51.84 57 57 42.6 39 39 35.64 21.32 124.52 238.04 216.2 142.28 137 135 115 101 87 741 564.8 556 589.68 927.1429 691.76 266.32 285.76 218 277.08 1695 1695 1695 1695 453 453 493.32 453 414.84 340.375 294 -9999 -9999 -9999 529 529 -9999 -9999 -9999 -9999 -9999 -9999 61 61 61 61 61 -9999 -9999 134 134 132.64 109.52 100 141.28 186 181.92 118.48 32 32 42.56
319.04 272 272 272 264.64 264.64 272 272 272 272 272 272 237.68 194 194 194 194 194 194 194 127.4737 115 115 115 132.2 201 201 98 31.2 38.08 22.6 32.72 39 39 39 14.36 11 41.24 137 137 137 137 121 87 157.4 219 279.64 249.32 819.0833 346.2381 262.08 326.8 444.1 449.4783 480.36 1398.6 1695 1695 1695 -9999 453 453 453 453 338.52 294 -9999 -9999 -9999 529 529 529 -9999 -9999 -9999 -9999 -9999 61 61 61 61 61 -9999 -9999 -9999 134 134 119.04 100 106.88 182.56 186 130.56 32 32 32
272 272 272 272 272 272 272 272 272 272 272 272 272 231.44 194 194 194 194 194 194 147.5294 115 115 115 135.64 201 178.56 14 14 14 14 27 39 39 39 25.56 11 21.08 137 137 137 137 95 94.76471 219 340.28 916.36 855.72 793.75 244 332 376.3158 460 460 558.8 1151.6 1695 1695 1695 -9999 520.2 506.76 486.6 344.88 294 294 -9999 -9999 -9999 529 529 529 -9999 -9999 -9999 -9999 -9999 -9999 61 61 61 61 -9999 -9999 -9999 134 134 131.28 100 103.44 171.0435 186 75.12 32 32 39.65217
272 272 272 272 272 272 272 272 272 272 272 272 272 272 231.44 197.12 194 194 194 194 123.7778 115 108.12 108.12 90.92 132.2 186.04 14 14 14 14 19 39 39 39 35.64 11 11 56.36 126.92 132.8 137 109.75 186.3158 119.64 489.08 977 943.6818 278.9048 257.2 354 450.3636 460 460 460 1645.6 1695 1695 1695 1695 621 621 607.56 411.72 294 294 -9999 -9999 -9999 529 529 529 -9999 -9999 -9999 -9999 -9999 -9999 61 61 61 61 -9999 -9999 -9999 -9999 134 128.64 337.92 476.8571 196.8421 340 237.3333 204.48 32 45.56
