eomf-prod/eomf/data/ecohealth/dudn.asc
ncols         992
nrows         717
xllcorner     68.144226
yllcorner     5.633471
cellsize      0.041667
NODATA_value  -9999
[rows 225 to 269 of 717, columns 480 to 575 of 992]
70.2 27 27 27 27 84.6 99 99 99 99 99 96.8 175.52 498 498 334.4 89 89 222.56 306 306 306 282.84 113 113 113 121.4 128 128 128 128 128 128 128 167.96 381.08 461 461 461 157.375 114 114 114 114 114 114 114 114 109.04 83 83 83 83 83 83 83 83 83 83 83 83 83 83 84.56 92.36 109.52 114.2 80.24 10.64 15.28 6 6 6 6 6 6 6 6 6 6 6 6 6 6 6 6 6 5.2 2.6 5 6 6 6 6 6 6
81.72 27 27 27 58.68 96.12 99 99 99 99 99 99 447.92 498 498 219.88 89 104.48 132 159.84 229.44 208.56 154.52 113 113 113 114.8 125.9545 128 128 128 128 128 128 128 152.88 366.64 461 461 309.1875 114 114 114 114 114 114 114 114 99.12 83 83 83 83 83 83 83 83 83 83 83 83 83 83 83 83 83 83 70.68 24.48 6 6 6 6 6 6 6 6 6 6 6 6 6 6 6 6 6 3.4 1 1 3.8 6 6 6 6 5.8 5.6
204.625 286.56 138.24 39.36 84.6 99 99 99 99 99 104.52 126.6 346.32 498 420.4 137.68 98.32 126.84 132 132 132 132 128.96 113 97.88 94.64 106.52 91.4 100 124 123.25 126.8 139.44 133.72 178.68 129.88 124 191.4 326.2 332.9583 114 114 114 114 114 114 114 114 107.8 83 83 83 83 66.4 76.36 76.36 76.36 83 83 83 83 83 83 83 83 83 83 83 83 83 52.2 6 6 6 6 6 6 6 6 6 6 6 3.6 3.8 6 5.2 1 1 1 1.6 4.2 4 2 2 1.2 1
333.52 336 336 261.84 193.8 99 99 99 99 159.72 225.96 209.4 237 233.44 137.36 110 110 117.04 126.72 132 132 132 132 110.64 86 86 86 86 87.44 114.8 122 137.6 271 216.5238 217.375 188.68 124 124 124 124 121.5 114 114 114 114 114 114 109.04 92.92 83 83 76.36 33.2 0 6.64 6.64 13.28 79.68 83 83 83 83 83 83 83 83 83 83 83 83 42.96 6 6 6 6 6 6 6 6 6 6 4.8 1 2.8 6 5 1 1 1 1 1 1 1 1 1 1
281.44 326.08 336 336 327.52 122.48 113 113 116 194.32 237 237 237 237 159.44 114.56 110 110 110 117.92 129.12 111.84 110.4 105.28 89.6 86 86 86 93.2 122 122 146.96 211.96 266.08 271 235.72 124 124 124 124 122.6957 117.8095 114 114 114 114 97.2 13.8 7 10.32 5.12 2.16 2.88 5.76 3.96 0 0 53.12 19.92 63.08 53.12 16.6 53.12 56.44 29.88 29.88 59.76 59.76 83 64.52 6 6 6 6 6 6 6 6 6 6 5.4 1.2 1 3.2 6 3 1 1 1 1 1 1 1 1 1 1
274 323.6 336 336 251.2 124 124 124 168.52 237 237 237 237 237 183.8 160.16 114.56 110 110 107.76 96 96 96 96 96 101.04 92.72 90.32 116.24 122 122 148 148 187.36 266.08 271 197.4 132.72 124 124 123.5652 115.3636 114 114 109.8 63.6 9 9 7.2 7.92 9 9 9 8.64 1.44 0 3.32 9.96 0 16.6 0 0 3.32 3.32 0 0 0 16.6 66.4 24.24 6 6 6 6 6 6 6 6 6 6 3.2 1.2 1 1 1.8 1 1 1 1 1 1 1 1 1 1 1
274 316.16 336 336 157.92 124 175.52 175.52 326.32 192.08 223.68 237 237 237 189.4 167 130.52 110 118.56 162.84 105.68 96 96 100.4 103.48 107 107 108.8 120.2 128.24 143.84 148 148 148 438.64 310.76 324.96 272.24 176.32 124 119 114 114 114 93 9 9 9 9 9 9 9 9 6.84 0 0 0 0 0 0 0 0 0 0 0 0 0 0 0.72 5.04 5.52 5.52 4.32 5.28 6 6 5.8 5 4.2 4 1.8 1 1 1 1 1 1 1 1 1 1 1 1 1 1 1
274 285.7727 257 149.44 124 124 407.36 446 394.8 126 152.64 214.8 205.92 210.36 170.96 167 135.08 122.84 204.16 217 118.64 88 76.8 104.96 107 117.56 107 107 118.48 191.56 148 148 148 277.6 618.8 342 342 342 324.56 280.96 155.3913 114 114 55.2 9 9 9 9 9 9 9 9 6.84 2.52 0 0 0 0 0 0 0 0 0 0 0 0 0 0 0.96 0.48 1.2 0.48 0 5.52 6 6 1.52 0.76 0.88 1 0.88 0.76 0.6 0.6 0.6 0.44 0.32 0.96 1 1 1 1 1 1 1 1
129.4348 99 99 114.4762 124 124 420.24 446 446 126 126 126 126 130.92 167 171 175.8 211.52 217 171.92 56 56 56 128.84 217.88 228.44 217.88 217.88 429.88 496.48 336.76 336.4 450.4 558.4 688 438.88 342 342 342 338.6 233.619 114 114 38.4 9 9 9 9 9 9 9 9 9 9 0.72 0 0 0 0 0 0 0 0 0 0 0 0 0 0 0 0 0 0.24 6 6 3.12 0 0 0 0.04 0 0 0 0 0 0 0 0.72 1 1 1 1 1 1 1 1
99 99 99 99 106.6087 121 355.84 446 437.76 270.32 189.84 157.92 324.24 638.2 342.28 187 187 376.96 393.76 189.12 56 56 56 209.72 239 239 239 304.28 439.88 511 500.84 511 603.04 688 688 443 308 270.6 263.8 274 192.65 114 42.6 9 9 9 9 9 9 9 9 9 9 9 5.4 0 0 0 0 0 0 0 0 0 0 0 0 0 0 0 0 0 0 3.36 1.68 0.24 0 0 0 0 0 0 0 0 0 0 0 0.36 0.96 1 1 1 1 1 1 1
99 99 99 99 99 105 122.913 407.36 330.64 240 240 311.28 834 834 445.8 187 187 582.96 708 464 366.08 300.8 324.44 401 275 239 239 239.72 256.28 307.8 277.32 419.56 373.68 429.4 343.2 257 257 257 257 257 270.0454 114 93 13.2 9 9 9 9 9 9 9 9 9 9 8.64 0 0 0 0 0 0 0 0 0 0 0 0 0 0 0 0 0 0 0 0 0 0 0 0 0 0 0 0 0 0 0 0 0 0.68 1 1 1 1 1 1 1
99 99 99 99 99 99 99 251.4167 248.24 240 240 382.56 834 834 342.28 187 332.88 708 708 668.96 522.56 464 464 464 327.8 219.8 204.44 192.92 226.04 257 257 257 257 257 257 257 257 269.56 257 281.6 296.36 206 114 76.2 9 9 9 9 9 9 9 9 9 9 6.12 0 0 0 0 0 0 0 0 0 0 0 0 0 0 0 0 0 0 0 0 0 0 0 0 0 0 0 0 0 0 0 0 0.04 1 1 1 1 1 1 1 1
99 99 99 99 99 99 105.72 219.875 240 240 240 525.12 834 730.48 187 187 416.24 708 708 708 629.92 464 464 451.16 155.84 143 143 143 143 165.8 252.44 257 282.04 657.64 257 257 338.64 395.16 319.8 345.76 298 229 114 114 80.4 9 9 9 9 9 9 9 9 9 2.88 0 0 0 0 0 0 0 0 0 0 0 0 0 0 0 0 0 0 0 0 0 0 0 0 0 0 0 0 0 0 0 0 0.44 1 1 1 1 1 1 1 1
99 99 99 99 99 152.76 253.56 267 250.5652 240 240 643.92 834 808.12 394.04 187 353.72 708 708 708 708 649.44 542.08 464 181.52 143 143 143 143 143 393.56 607.56 707.72 832.92 482.36 257 388.88 414 414 353.68 298 159.6842 72 46.8 9 9 9 9 9 9 9 9 9 9 1.8 0 0 0 0 0 0 0 0.16 0 0 0 0 0 0 0 0 0 0 0 0 0 0 0 0 0 0 0 0 0.04 0.04 0.2 0.8 1 1 1 1 1 1 1 1 1
99 99 99 99 186.36 267 267 267 267 252.913 330.45 811.32 834 834 745.381 215 228.68 708 708 708 647.04 504.8 434.88 271.4 143 143 143 143 143 143 291 823.8 883 883 883 739.04 620.36 414 414 367.6 298 42.15789 9 9 9 9 9 9 9 9 9 9 9 5.04 0 0 0 0 0 0 0 0.48 1.92 0.64 0 0 0 0 0 0 0 0 0 0 0 0 0 0 0 0 0 0.12 0.48 0.92 0.72 0.92 1 1 1 1 1 1 1 1 1 1
99 99 99 152.76 267 267 267 267 267 267 267 292.7727 645 465.45 291.6522 267 698.3043 872.68 829.72 836.88 493.96 200 200 147.56 155.96 181.88 181.88 190.52 175.4 166.76 145.16 532.16 595.72 883 883 883 864.24 470.28 384.96 312.96 298 40.95652 9 9 9 9 9 9 9 9 9 9 3.96 0 0 0 0 0 0 0 0.4 1.92 2 0.72 0 0 0 0 0 0 0 0 0 0 0 0 0 0 0 0 0 0.24 1 1 1 1 1 1 1 1 1 1 1 1 1 1
99 99 99 226.68 267 267 267 267 267 267 267 267 267 267 267 267 639 887 857.52 828.04 392.36 200 200 170.36 177.68 197 197 197 197 203.92 290 370 472.6 843.4 844.84 883 864.24 685.72 336.56 293.2 194.5294 9 9 9 9 9 9 9 9 9 9 9 4.8 1.76 1.76 1.6 1.04 0.8 0.24 0.08 1.52 2 1.68 0.08 0 0 0 0 0 0 0 0 0 0 0 0 0 0 0 0 0 0.12 1 1 1 1 1 1 1 1 1 1 1 1 1 1
99 99 112.44 260.28 267 267 267 267 267 267 267 267 267 267 267 267 654.5 651.16 503.76 179.48 180 200 200 200 198.68 197.24 197 197 197 259.28 370 370 370 394.48 406 673.12 787.6 617.88 302.04 192.36 57.8 9 9 9 9 9 9 9 9 9 9 9 3.4 2 2 2 2 2 2 2 2 2 1.44 0 0 0 0 0 0 0 0 0 0 0 0 0 0 0 0 0 0 0.44 1 1 1 1 1 1 1 1 1 1 1 1 1 1
99 99 206.52 267 267 267 267 267 267 267 267 267 267 267 267 267 252.96 170.3478 150 172.56 152 220.56 200 200 200 243 283.72 197 217.76 356.16 370 370 380.08 403.12 406 406 406 360.08 319.36 145 41.38095 9 9 9 9 9 9 9 9 9 9 8.16 2.84 2 2 2 2 2 2 2 2 2 1.92 1.6 0.8 0 0 0 0 0 0 0 0 0 0 0 0 0 0 0 0 0.68 1 1 1 1 1 1 1 1 1 1 1 1 1 1
99 178.92 260.04 218.28 253.08 260.04 239.16 253.08 267 267 267 267 267 267 267 267 267 267 220.2 358.6667 439.3125 508.4 241.12 200 307.8 631.2 587.24 240.36 217.76 363.08 370 390.16 403.12 406 406 348.6 268.24 141.96 195.16 145 90.6 9 85 63.52174 9 9 9 9 9 9 9 4.24 2 2 2 2 2 2 2 2 2 2 2 2 1.44 0 0 0 0 0 0 0 0 0 0 0 0 0 0 0 0 0.2 1 1 1 1 1 1 1 1 1 1 1 1 1 1
99.96 113.88 99.96 93 93 113.88 93 225.24 267 267 267 267 267 267 267 267 267 267 267 245.72 312.25 598 647.04 570.08 739 739 739 929.48 1185 1255.16 1389.52 1389.52 898.48 447.04 406 153.44 119 119 119 141.88 168.5 315 427 311.04 141.9545 53.80952 9 9 9 9 9 4.52 2 2 2 2 2 2 2 2 2 2 2 2 2 2 1.36 0.16 0 0 0 0 0 0 0 0 0 0 0.2 0.4 0.6 0.72 1 1 1 1 1 1 1 1 1 1 1 1 1 1
93 93 93 93 93 93 93 225.24 266.84 267 267 267 267 267 267 267 267 267 267 172.7917 134 134 157.2 366 422.4 527.56 656.2 783.64 1432 1122.04 1343.44 1077.76 1387.72 1014.48 315.76 119 119 119 124.2 145 302.92 427 337.8 204 199.24 187.68 154.6364 73.72727 22.77778 9 9 3.12 2 2 2 2 2 2 2 2 2 2 2 2 2 2 2 1.04 0 0 0 0 0 0 0 0 0 0.64 1 1 1 1 1 1 1 1 1 1 1 1 1 1 1 1 1 1
93 93 93 93 93 93 93 257 263.32 264.3913 260.12 250.3333 250.2 273.7083 270.5 268.75 272.6 271.48 260.52 93.52 134 134 134 134 134 263.88 325 325 413.56 413.56 325 325 679.24 1002.44 219.28 127.72 119 132.52 145 145 302.92 427 275.36 204 199.92 187 187 187 137.32 133 109.381 0.7272727 1.294118 2 2 2 2 1.826087 1.833333 1.909091 1.73913 2 79.68 90.27273 2 2 2 1.52 325.12 515.68 703.2 639.2727 104.4 118.6364 132.24 97.44 16.57143 0.5416667 1 1 1 1 1 1 1 1 1 1 1 21 106 71 101 169 82.2 1
93 93 93 93 93 93 93 195 263 263 259.8 247 247 264.28 274 274 274 274 274 71.44 85.72 125.48 119.8 134 134 236.24 319.96 325 325 325 325 325 301.72 228 228 188.76 115.96 114.76 129.64 145 345.48 385.48 373.48 204 201.28 187.68 187 171.88 133 133 133 31.92 0 0.1904762 0.6666667 0.8333333 0.08 0 0 0 592.2609 770.7083 895.32 998.625 847.3636 783.4286 868.0833 1046.273 1156.8 1172 972.4 732.88 174 174 174 174 194 293.5652 254.3 145.4091 116.75 193.9167 137.913 16.95455 1 575.7273 1005.619 1242 1242 585.2 421 421 421 421 287.72 166.4545
93 93 93 93 93 93 93 224.04 263 263 263 249.56 247 256.72 261.04 271.84 271.84 274 274 122.08 63 71.52 63 79.8 188.24 262 279.64 259.76 238.76 317.16 325 325 325 239.64 228 171.32 100.76 81 81 114.28 105.08 164.04 291.36 204 204 196.52 187 141.64 133 133 133 42.56 0 0 0 0 0 0 0 0 856.24 973 973 997.6 1096 1096 1096 1096 1153.76 1172 1092.16 174 174 174 174 174 264 299 299 371.6 464 408.64 118 118 118 387.76 1242 1242 1242 650.88 421 421 421 421 411.48 211.56
93 93 93 93 93 93 93 204.32 215.96 239.48 263 252.12 247 247 247 249.16 259.96 272.92 274 113.64 63 63 63 112.4 154.8 256.64 246.04 139.64 129 215.24 223.08 247.4 286.6 243.52 228 207.84 151.56 81 81 81 100.8 81 81 204 204 284.44 312.64 139.48 133 133 133 90.44 0 0 0 0 0 0 0 311.36 973 973 973 977.92 1061.56 1096 1096 1111.2 1165.92 1172 1172 972.4 213.92 174 174 179 244 299 299 371.6 464 297.92 118 118 118 211.4 972.24 1242 1242 683.72 421 421 421 421 421 325.8
93 93 93 93 93 93 107.52 204.32 214 223.8 263 249.48 247 247 247 247 249.16 248.08 266.32 248.16 256.2 78.24 109.8 128 203.04 256.68 182.2 129 129 129 129 111.4 85 113.6 96.44 85 83.4 81 81 132.48 172.08 84.96 357.6 514.96 514.96 542 542 379.56 136.48 133 79.8 10.64 0 0 0 0 0 0 0 135.64 973 973 973 1017.28 1096 1096 1096 1108.16 1172 1172 1172 1172 493.36 174 219.72 275.2 299.24 351.8 325.4 424.4 436.32 228.72 118 118 211.4 585 1144.48 1242 1242 618.04 421 421 421 421 421 268.68
93 93 93 93 93 93 174.48 214 214 214 223.8 217.96 336.76 445 458.2 524.2 484.6 423.8 266.76 273.04 232.4 70 102.48 128 128 187.52 129 129 129 129 340.2 146.6 85 85 85 88.6 92.44 84.96 136.44 180 180 116.64 332.6 542 542 542 542 435.6 162 160.84 84.24 0 0 0 0 0 0 435.24 290.16 1112.28 1124.04 1029.64 1069.6 1750.72 1496 1536 1296 1699.04 1319.84 1172 1172 1172 618.92 301 301 301 333.28 464 464 464 464 242.56 155.36 435.56 472.92 585 795.24 949.96 698.8 421 385.48 349.96 421 421 421 249.64
87.375 84.75 89.4 93 88.2 79.66666 84.28 197.08 208.36 192.44 207.84 183.2 442.36 577 577 577 577 504.04 273 273 232.4 70 70 416 236 128.96 129 146.08 133 133.4 343.8 354.28 249.56 234.6 111.4 115 113.16 110.76 125.6 152.8 180 180 220.12 383.6 542 542 542 450.8 162 162 110.16 6.48 0 0 0 0 0 241.8 1209 1209 1209 1254.52 1504.88 1778 1905.2 2030.56 2056 2096 1467.68 1172 1172 1172 997.8 301 301 301 301 327.08 385.76 464 464 325.6 174.04 547.64 585 585 564.96 240.72 278.92 305.56 216.76 243.4 314.44 421 421 393.84
86.52 84 84.375 88.83334 84.2 73 73 84.28 125.28 146.24 137 137 313 577 577 577 577 577 399.08 273 224.28 70 130.96 557.68 578 372.8 185.76 258 158.04 139 228.6 459 459 431.48 115 115 114.76 112 112 112 180 180 181.28 196.4 326 441.2 513.2 335.6 163.6 162 116.64 0 0 0 0 0 0 0 870.48 1209 1209 1664.2 1778 1778 1803.44 2057.84 2096 2096 1985.12 1614.08 1207.52 1189.76 1032.64 579.72 301 301 301 333.6 444.44 464 464 455 570.48 585 585 585 509.8 199 199 199 199 199 199 320.28 579.84 630
93.125 88.8 83.56 73.88 73 73 75.56 80.68 131.88 137 137 137 337.08 447.76 577 573.32 577 551.24 488.68 451.08 161.56 170.8 271.04 578 578 309.2 258 258 167.56 139 241.4 459 459 376.44 115 115 114.52 112 112 117.44 170.88 180.8 181.76 182 182 182 239.6 182 182 110.08 19.44 0 0 0 0 0 0 0 0 1209 1209 1778 1778 1778 1788.68 2004.4 2022.72 1909.28 1673.6 1616 1616 1616 1243.04 823.6 301 301 603.08 525.8 464 464 464 468.84 531.76 585 585 585 411.72 219 214 201 199 199 193.4 189 559.44 626.8
99 99 88.24 73 73 72.12 95.96 123.32 137 137 137 137 192.08 218 577 443.36 551.24 510.76 485 435.8 280 280 351.52 530.32 526.8 258 258 248.48 139 139 139 382.2 459 307.64 115 115 115 114.04 120.72 120.48 146.6 173.84 178.6 182 182 182 182 182 160.16 36.4 0 0 0 0 0 0 0 0 0 580.32 1160.64 1755.24 1778 1778 1838.52 1867 1867 1786.68 1616 1616 1616 1616 1369.24 539.72 546.44 603.08 754.12 760.64 575.24 464 476.36 447.2 580.16 585 585 556.12 281.76 224 222 199 199 197.4 189 189 240 393
99 99 94.84 66.04 63 23 23 64.04 95.96 137 137 143.48 218 275.44 447.76 324.8 485 485 485 403 330.24 518.64 317.68 280 285.6 261.6 258 258 139 139 139 296.4 369 282.72 157.84 115 91.2 47 121.8 154.2 165 165 169.08 174.96 182 139.76 100.56 14.56 0 0 0 0 0 0 0 0 0 0 0 0 48.36 48.36 1309.4 1778 1781.4 1867 1867 1867 1756.56 1616 1616 1513.2 793.6 423.64 459.4 577 773 773 773 773 731.48 295.52 293.72 399.64 412.88 357.52 224 224 192.16 188.08 199 199 193 189 189 274
99 99 99 59.24 28.48 23 23 27.56 114.68 157.76 137 188.84 218 218 232.36 228.68 452.96 489.36 489.36 538.36 581.44 594 443.28 418.16 273.28 272.4 264 167.56 139 139 139 165.84 218.8 234 224.48 200.68 58.56 30 30 111 165 153.64 122.4 104.56 125.68 94 94 67.68 0 0 0 0 0 0 0 0 0 0 0 0 0 0 679.28 1371.2 1213 1448.44 1869.4 1952.12 1885.24 1659.2 533.56 331 331 284.92 283 518.2 537.8 577 753.4 773 773 337.04 254 254 254 245.6 210.08 154.4 108 115.28 158.92 193.48 197 189 189 233.24
99 99 94.32 69.36 54.08 36.32 23 98.96 504.08 593.72 406.88 351.68 218 218 218 218 262.32 557.16 594 562.32 594 594 594 484.08 270.6 273 273 208.68 194.2 261.88 315.64 331 265.04 217.68 70.8 119.76 30 30 30 89.4 165 156.48 105.36 94 94 94 94 86.48 3.76 0 0 0 0 0 0 0 0 0 0 0 0 0 1067.44 1213 1213 1213 1599.88 2019 2019 2019 1411.32 331 331 331 321.4 286.84 283 283 400.6 753.4 773 254 254 254 254 224.8 108 108 108 108 116.16 170.56 176.52 181.72 189 138.84
99 92.76 75.6 60 60 58.52 146.48 656 656 656 656 568.4 214.72 258.68 317.44 308.4 355.76 385.6 435.6 411.84 435.6 570.24 554.4 334.08 261 263.4 273 273 300.84 331 331 331 272.8 193.2 30 30 30 30 30 100.2 165 130.92 120.24 107.12 94 94 94 94 33.84 0 0 0 0 0 0 0 0 0 0 0 0 0 388.16 1164.48 1213 1213 1277.48 1954.52 2019 2019 1478.84 331 331 331 323.32 284.92 283 337.2 591.52 679 773 385.96 275.12 268.08 317.36 224.96 108 108 108 141.84 142.48 177.44 176.28 174.48 139.72 123
99 86.52 67.8 60 63.8 75.2 263.64 425.2 656 656 656 385.6 136 299.8 331 331 331 331 375.2 396 396 403.92 367.32 215.4 215.4 244.2 227.4 229.8 296.04 331 331 331 311.6 234 159 63 43.2 30 30 140.4 206.12 322.72 356.4 225.2 94 94 94 94 7.52 0 0 0 0 0 0 0 0 0 0 0 0 0 0 533.72 1164.48 1213 1213 1557.16 1879.64 1809.96 782.04 320.2 305.08 288.28 283 283 283 1421.2 1091.48 629.04 653.96 494.08 351.8 342 342 304.56 173.52 108 160.64 202 202 202 173.2 157 150.2 136.6
63.12 60 60 60 74.44 79 79 79 286.72 563.68 656 198.4 136 206.2 331 331 331 331 338.8 278 344.8 396 381.36 213 213 213 213 213 376.92 466.68 221.56 258.04 229.84 187.68 182.76 174.84 148.8 102.6 148.8 124.56 164.2 408.24 422 422 277.68 94 94 94 37.6 0 0 0 0 0 0 0 0 0 0 0 0 0 0 0 242.6 1087.8 1172.52 1097.64 348.36 277 277 277 277 277 334.08 716.6 1529.6 1638 1638 1301.68 567.4 361.6 342 342 330.48 232.56 226.8 199.12 202 202 202 202 171.4 157 157 150.2
60 60 60 60 70.64 79 79 79 79 240.56 552 136 135.08 153.8 306.8 297.12 326.16 320.8 208.6 127 88.8 240.56 249.6 213 213 213 213 233.72 648.12 674.68 83.32 27 27 27 27 154.68 195 188.4 120.12 78 78 339.44 408.24 399.28 170.32 125.68 122.16 120.4 114.4 22.08 0 0 0 0 0 0 0 0 0 0 0 0 50.64 101.28 259.12 1205.32 1178.08 1169 562.44 277 277 277 277 277 984.72 1638 1638 1259.64 797.2 755.16 577.2 449.8 342 342 318.96 232.56 198 198 199.44 202 202 191.2 157 157 157 157
212.04 80.11111 60 60 64.56 79 79 79 79 121.12 158.28 119.44 120.36 186.72 219.68 210 226.88 264.12 118.96 76 76 114.36 213 213 213 213 213 503.08 731 731 449.4 27 27 27 27 100.92 195 195 134.16 78 78 78 285.04 262.96 138 138 138 138 138 138 27.6 0 0 0 0 0 0 0 0 381.44 309.92 238.4 539.28 582.36 826.52 1386.92 1341.52 1287.04 679.84 277 366.04 722.2 455.08 1152.96 1454.88 1427.8 1595.96 923.32 587 587 587 381.2 342 342 255.6 198 198 198 203 201.04 202 182.2 157 157 157 157
241 241 241 150.5 64.38461 79 79 79 79 87.16 113 113 113 167.32 210 210 215.4 247.84 76 76 76 119.84 213 213 213 213 402.36 731 731 731 731 224.12 27 27 27 203.2 195 180.96 78 78 78 78 128.4 138 138 138 138 138 138 126.96 16.56 0 0 0 0 0 0 0 0 143.04 524.48 596 607.84 633 816.12 1334.96 1396 1396 1396 900.76 900.28 1019 1019 1019 898.04 587 587 587 587 587 567.16 339.12 331.44 340.08 242.96 198.8 198 198 220 221.16 201.64 158.8 157 157 157 157
241 241 241 241 241 79 79 79 84.44 99.4 113 111.04 113 128.52 213.6 226.2 253.2 255 76 76 76 76 158.2 301.64 279.48 357.04 490 692.44 731 731 711.4 395.44 339.12 357.48 419.44 474.8 375.96 210.08 120.12 78 76.64 76.64 79.84 130.48 138 119.2 104.16 75.12 77.52 71.76 40.08 0 0 0 0 0 0 0 0 0 212.56 531.4 570.56 633 633 907.68 1396 1291 801 680.36 1019 1019 1019 912.4 741.36 587 587 587 587 517.56 418.36 332.88 330 330 240.08 210 210.8 212.2 221 223 223 175.48 148.12 157 157 125.92
241 241 241 241 241 241 228.04 182.68 83.12 87.52 79.68 69.88 108.96 152.64 245.6 243.4 249.2 226.36 76 80.96 76 76 225.04 490 490 490 490 576.76 731 731 672.2 486 486 486 486 541.04 572 412.48 112.48 45.36 63.04 44 44 44 47.76 44 44.88 65.12 66 66 39.6 0 0 0 0 0 0 0 0 0 185.64 273 273 521.48 484.8 565.6 553 504.8 521 587.8 905.36 945.2 855 814 752.68 598.32 589.88 541.56 348.92 339 337.56 330 330 330 249.36 218 218 219.4 223 223 223 161.4348 67.24 46 46 46
241 241 241 241 241 241 241 241 205.6 140.9565 167.25 145.125 140.7273 160.5714 144.8 115.8 134.6 164.72 170.24 200 150.4 100.04 141.64 191.32 175.6 222.76 458.56 307.76 303.44 425.28 483.6 486 486 486 486 492.88 529.68 202.64 84.32 146.28 208.56 141.24 88.88 44 44 44 55.44 66 66 66 60.72 2.64 0 5.76 0 40.32 63.36 25.92 0 0 163.8 273 273 318.2 386 386 391.4 499.4 521 649.92 814 814 814 770.2 700.12 595 595 564.28 339 339 338.64 330.36 330 330 276.24 218 218 220.4 223 223 190.8182 46 67.24 46 46 46
241 241 241 241 241 241 241 241 241 241 241 241 241 241 115.24 110 110 131.6 187.08 164.24 194.04 134.08 97 97 97 97 162 222 222 221.44 380 464.8 486 486 486 486 224.32 86 53.88 155.48 231 231 231 156.2 156.32 287.96 233.44 66 66 66 66 52.8 45.36 72 57.6 63.36 72 69.12 51.36 62.4 101.4 273 273 345.32 386 386 499.24 537.12 521 705.64 827.2 814 796.48 638.8 595 598.36 608.44 434.28 275.72 320.92 329.96 296 260.56 234.52 219.4 218 218 221.4 223 223 223 46 46 46 46 46
