eomf-prod/eomf/data/ecohealth/dudn.asc
ncols         992
nrows         717
xllcorner     68.144226
yllcorner     5.633471
cellsize      0.041667
NODATA_value  -9999
[rows 450 to 494 of 717, columns 864 to 959 of 992]
3.4 3 4.2 11.12 9 7.8 1.4 8.2 13.8 16.92 18.6 15 15.32 25.08 27.42105 14 14 14 14 14 14 14 14 14 14 14 14 14 14 14 14 14 14 14 14 14 14 14 14 14 14 14 14 14 14 14 14 14 14 14 14 14 14 14 14 14 14 11.2 0 0.4 0.96 1 1 1 1 2.32 8.68 6.44 13.64 52.04 35.84 51.2 99.24 806.8 1156.68 1347.12 1828.32 555.8333 384.8571 -9999 -9999 -9999 -9999 -9999 -9999 -9999 -9999 -9999 -9999 -9999 -9999 -9999 -9999 -9999 -9999 -9999
7.4 3.16 11.08 13.28 11.24 11.12 14.44 22.8 10.2 9.24 15 14 15 24 30.9 14 14 14 14 14 14 14 14 14 14 14 14 14 14 14 14 14 14 14 14 14 14 14 14 14 14 14 14 14 14 14 14 14 14 14 14 14 14 14 14 14 14 12.88 0.04 0.44 1.32 1.12 0.76 0.76 0.28 1.08 5.2 4.44 10.24 25.84 74.24 89.24 140 463.48 411.04 921.76 1494.32 573.72 970.92 934.1539 -9999 -9999 -9999 -9999 -9999 -9999 -9999 -9999 -9999 -9999 -9999 -9999 -9999 -9999 -9999 -9999
17 5.8 7.52 13.28 13.88 12.56 15 28.04 21.96 13.56 13.6 10 13.56 16.96 16.90476 14 14 14 14 14 14 14 14 14 14 14 14 14 14 14 14 14 14 14 14 14 14 14 14 14 14 14 14 14 14 14 14 14 14 14 14 14 14 14 14 14 14 14 14.92 7.32 2.6 6.48 2.88 0 0 0.48 3.48 4.96 7 5.6 77.84 101 104.8 202.96 264.56 378.08 571.52 692.08 701.56 589.04 387.3333 672.5 -9999 -9999 -9999 -9999 -9999 -9999 -9999 -9999 -9999 -9999 -9999 -9999 -9999 -9999
12.36 5.44 5 5.36 9.32 14.96 16 74.08 67.76 17.84 15.4 10.48 15.04 16 14.69565 14 14 14 14 14 14 14 14 14 14 14 14 14 14 14 14 14 14 14 14 14 14 14 14 14 14 14 14 14 14 14 14 14 14 14 14 14 14 14 14 14 14 14 18.5 8.434783 4.791667 6.16 7.12 1.52 0.72 0.96 2.64 3.16 3.24 0 16.16 92.92 108.16 136.24 142.88 186.04 214.28 328.04 382.6 408.68 547.64 1170.87 556.1429 -9999 -9999 -9999 -9999 -9999 -9999 -9999 -9999 -9999 -9999 -9999 -9999 -9999
14.8 12.04 5.96 5.8 5 13.84 18.16 23 37.04 15.6 14.8 13.36 15.36 4.48 10.81818 14 14 14 14 14 14 14 14 14 14 14 14 14 14 14 14 14 14 14 14 14 14 14 14 14 14 14 14 14 14 14 14 14 14 14 14 14 14 14 14 14 14 14 14 14 14.24 4 2.72 2.72 2.25 2 2 2 2 1.36 0.2 18.36 26.6 22.28 35.56 35.56 85.32 219.88 174.2 544.72 1279.68 1699.8 1796.16 957.5555 167.5 -9999 -9999 -9999 -9999 -9999 -9999 -9999 -9999 -9999 -9999 -9999
16 15.44 10.12 9 12.68 6.96 9.56 12.64 20.36 9.64 9.36 8.08 6.16 4.08 7.4 14 14 14 14 14 14 14 14 14 14 14 14 14 14 14 14 14 14 14 14 14 14 14 14 14 14 14 14 14 14 14 14 14 14 14 14 14 14 14 14 14 14 14 14 14 14.32 7.2 4.24 5 13.47826 13.52 2 1.84 0.16 0.68 4.6 5 5 5 5 5 21 94.36 186.68 324.28 1411 1194.2 1764 1276.8 549.16 363.3529 370 -9999 -9999 -9999 -9999 -9999 -9999 -9999 -9999 -9999
9.6 9.6 9.24 9.4 17.52 25 8.48 8 8 8 8 6.96 6 6.12 8.52 10.81818 13.6 14 14 14 14 14 14 14 14 14 14 14 14 14 14 14 14 14 14 14 14 14 14 14 14 14 14 14 14 14 14 14 14 14 14 14 14 14 14 14 14 14 14 14 12.75 28.6 7.2 7.272727 17.45833 15.08 2.56 1.12 0 0 0.2 2.8 5 5 5 6.84 17.88 57.28 89.8 172.2 843.48 801.96 574.6 2298.4 1427.92 900.96 346.5454 242 -9999 -9999 -9999 -9999 -9999 -9999 -9999 -9999
22.04 16.64 10.44 13.4 22.4 19.4 9.64 9.16 8 8 10.8 9.56 5.28 5.56 6.2 8.68 12.875 14.52174 14 14 14 14 14 14 14 14 14 14 14 14 14 14 14 14 14 14 14 14 14 14 14 14 14 14 14 14 14 14 14 14 14 14 14 14 14 14 14 14 14 14 14 23.92 31.45455 18 18 16.125 8.708333 6.84 4 1.92 0.72 1.36 5 5.92 17.88 27.08 47.52 84.12 95.48 56.64 485 279.32 77.68 874.08 968.04 926.88 512.8 157.1667 114 -9999 -9999 -9999 -9999 -9999 -9999 -9999
42.2 23 14 14 21.2 13.32 8.4 6.8 8 15.92 13.92 12.68 5.96 5 5.16 8.68 12.96 16.28572 14 14 14 14 14 14 14 14 14 14 14 14 14 14 14 14 14 14 14 14 14 14 14 14 14 14 14 14 14 14 14 14 14 14 14 14 14 14 14 14 14 14 14 14 14.8 18 18 18 10.44 6.96 3.68 2.12 1.8 5 7.32 22.48 28 44.04 89 75.08 87.76 12.52 74.6 124.8 91.8 594.28 340.6 653.4 1002.96 724.88 227.92 346 -9999 -9999 -9999 -9999 -9999 -9999
37.28 29.12 18.32 14 15.72 12.24 9.76 9.08 19.48 30.8 21.2 17.64 10.12 5 5.64 8.36 13.8 16.95833 13.91667 14 14 14 14 14 14 14 14 14 14 14 14 14 14 14 14 14 14 14 14 14 14 14 14 14 14 14 14 14 14 14 14 14 14 14 14 14 14 14 14 14 14 14 14.32 18 18 18 17.64 10.56 2.2 1.08 7.32 20.2 15.16 23.48 18.24 5.48 27.56 12.96 11 18.68 7.6 30.32 54.92 141.36 389.08 491.56 555.56 627.48 536.12 313.12 287.8571 86 -9999 409 -9999 -9999
64.04 60.96 44.56 31.44 30.96 13.92 16.8 21 22.72 27.36 30.2 24.04 9 5.8 8.68 9.16 10.6 11.4 12.08 13.7 14 14 14 14 14 14 14 14 14 14 14 14 14 14 14 14 14 14 14 14 14 14 14 14 14 14 14 14 14 14 14 14 14 14 14 14 14 14 14 14 14 14 14.48 18 18 18 18 16.125 7.5 5.25 13.54167 17.04 17.28 37.32 29 2 2 2 4.16 8.84 10.76 12.8 2 8.4 59.6 305.24 661.08 259.92 214 304.32 139.24 378.4546 406.25 409 -9999 -9999
40.96 44.92 28.4 26.4 24.56 14 15.36 23.88 25.04 26.56 27.84 25 14.6 10.12 9.88 10.76 11 9.76 8.6 13.33333 14.78261 14 14 14 14 14 14 14 14 14 14 14 14 14 14 14 14 14 14 14 14 14 14 14 14 14 14 14 14 14 14 14 14 14 14 14.16 16.08 17.04 16.4 16.08 15.6 15.76 17.52 18 18 18 18 18 18 18 18 17.16 22.24 42.92 387 379.84 2.48 2 2.32 7.4 8.52 3.44 2 2 30.88 65.44 198.32 91.16 178.2 283.72 342.28 435.4 376 189.4783 13 -9999
32 30.76 25.8 16.2 12.56 13.8 20.92 27 25.48 27.48 27.64 26.32 15.48 11 11 8.6 7.8 8.36 16.2 16.52 16.875 14 14 14 14 14 14 14 14 14 14 14 14 14 14 14 14 14 14 14 14 14 14 14 14 14 14 14 14 14 14 14 14 14 14.32 17.52 18 18 18 18 18 18 18 18 18 18 18 18 18 18 18 18 11.68 11.76 337.92 120.32 2.4 1.32 1 1 1.08 1.96 2 2 9.2 19 37.8 154.76 166.44 234.2 364.76 463.12 307.36 13 13 13
18.36 33 24.84 16.6 11 13.52 19.08 26.4 21.96 25.2 31.36 19 11 11 11 6.6 5.64 6.52 7.88 9.8 14.54545 14 14 14 14 14 14 14 14 14 14 14 14 14 14 14 14 14 14 14 14 14 14 14 14 14 14 14 14 14 14 14 14 14.48 17.04 18 18 18 18 18 18 18 18 18 18 18 18 18 18 18 18 18 5.434783 2 11.6 9.84 0.56 3.96 1 1 1 1.92 1.84 4.32 8 35.44 14.76 18.2 116.52 117.16 61.4 174.2 5.96 9.48 22.44 77.24
29 24.36 20.28 17 24.44 17.88 18 25.12 21.68 21 34.2 20 11 11 11 10.28 5.96 5 5 5.72 10.52 13.08696 14 14 14 14 14 14 14 14 14 14 14 14 14 14 14 14 14 14 14 14 14 14 14 14 14 14 14 14.96 16.4 16.4 16.4 17.52 18 18 18 18 18 18 18 18 18 18 18 18 18 18 18 18 18 12 2.88 2.347826 9.272727 1.44 5.48 6.76 3.4 1 1 1.2 1.04 5.96 59.8 44.2 2.44 2.6 2.28 4.28 5 5 5 5 99.8 159
10.16 14.76 14.52 15.8 40 35 34.24 23.8 35.96 33.92 31.16 15 11 11 11.48 11.8 5.88 5 4.76 4.4 5.16 6.578948 14.38095 14 14 14 14 14 14 14 14 14 14 14 14 14 14 14 14 14 14 14 14 14 14 14 14 14 15.6 17.84 18 18 18 18 18 18 18 18 18 18 18 18 18 18 18 18 18 18 18 15.6 8.4 3 3 3 3 5.125 9.16 6.6 4.84 1.32 1 1 1 2.92 16.24 1.92 1 1 1.96 5 5 5 6.12 210.24 653.56 334.7
14.12 11.8 15.36 15.44 35 34.44 22.84 29.68 35.36 37.36 31.16 17.16 11 11.08 12.68 16.6 11.12 7.4 5.12 4 4 7.76 10.92 15 15.16667 14.41667 14 14 14 14 14 14 14 14 14 14 14 14 14 14 14 14 14 14 14 14 14 16.24 18 18 18 18 18 18 18 18 18 18 18 18 18 18 18 18 18 18 18 17.4 7.8 3 3 3 3 3 3 3 7.625 6.565217 3.454545 1.916667 1 1 2.24 6 2.8 2 1.68 1.84 3.4 4.28 4.76 7.64 15.64 47.36 310.24 246.56
12.36 26.6 22 21.76 35.72 30 24.96 37.28 43.64 39.04 35.16 22.2 10.88 12.32 14.84 19.4 8 7.92 5.8 3.32 5.12 8.88 6.6 7.2 10 12.8 21.88 13.6 13.4 13.56 13.8 14 14 14 14 14 14 14 14 14 14 14 14 14 14 14 15.76 18 18 18 18 18 18 18 18 18 18 18 18 18 18 18 18 18 18 18 15 6 3 3 3 3 3 3 3 3 3 3 3 5.24 9.84 3.24 2 3 3.6 2.08 3.84 3.4 2.56 2 2.24 5.4 19 17.32 128.12 217.72
21.88 34.72 34.24 30.68 37.08 38.16 33.6 21.76 32.08 21.32 19.64 11.48 10.96 16.96 12.48 14.88 6.56 6 4.92 3 5.24 10.6 9 13.6 22.72 26.24 20.72 13.64 11.48 13.27273 14.54167 14.64 14 14 14 14 14 14 14 14 14 14 14 14 14 16.4 18 18 18 18 18 18 18 18 18 18 18 18 18 18 18 18 18 18 13.8 8.4 3 3 3 3 3 3 3 3 3 3 3 3 3 7.76 13.04 7.76 2 2.88 3.92 3.76 4 3.76 3 18.64 21.32 15.6 7.24 5.56 110.56 456.2
27.04 37.12 34.24 13.36 37.8 47 23.96 11.12 13.92 16 18.52 20.2 20.44 16.2 9.72 7.56 7.44 9.36 6.24 3.56 19.28 12.56 12.52 29.24 28.56 28 22.44 14.84 11.29167 17.68182 18 18 18 16.72 16.08 14.64 14 14 14 14 14 14 14 14.48 17.2 18 18 18 18 18 18 18 18 18 18 18 18 18 18 18 18 10.8 7.2 4.8 3 3 3 3 3 3 3 3 3 3 3 3 3 3 4.04 13.84 14.16 9.68 2 16.48 16.96 4 4 3.96 13.68 54.8 25 23.28 24 188.96 184.68 178.4
38.56 33.16 41 26.8 30.52 23.96 11 12.2 21.04 24.6 19.96 21.64 20.72 10.96 12.56 9.56 18.12 14 10.2 20.64 24.28 20.08 18.04 27 26.08 25.12 22.56 21.72 19.44 18.43478 18 18 18 18 18 18 17.84 16.88 16.4 16.4 17.2 17.36 17.52 17.52 18 18 18 18 18 18 18 18 18 18 18 18 18 18 18 18 13.2 3 3 3 3 3 3 3 3 3 3 3 3 3 3 3 3.84 2.863636 6.64 12.36 17.6 29.6 2.72 14.16 13.72 4.72 3.2 1.28 51.84 144 129.72 149.76 154.32 121.12 185.2 280.72
58.4 63.48 49.44 47.4 36.76 37.76 31.92 17.72 24.56 20.04 16.68 18.52 13.72 14.08 17.76 12.32 30.04 18.6 14.56 29 24 23.4 19.44 23.56 25 17.56 16.96 16.4 12.36 15.08333 18 18 18 18 18 18 18 18 18 18 18 18 18 18 18 18 18 18 18 18 18 18 18 18 18 18 18 18 18 18 6 3 3 3 3 3 3 3 3 3 3 3 3 3 3.04 7.2 8.28 1.48 3 3 5.28 8 4.48 7.52 3.8 3 2.04 0 69.36 109.68 144 99 149.04 366.12 468.84 278.92
50.72 40.28 44.2 36.6 31.64 40 44.84 31.44 32.48 17.24 13.48 13.24 11.8 18.72 16.4 30.04 33.88 29.4 18.6 29.08 24.76 23.92 19 20.36 16.72 9.76 12.68 13.36 9.16 9.565217 18 18 18 18 18 18 18 18 18 18 18 18 18 18 18 18 18 18 18 18 18 18 18 18 18 18 18 18 18 13.2 3 3 3 3 3 3 3 3 3 3 3 3 3 3.04 4.36 7.6 6.04 1.4 3 3 3 3.72 4 3.12 3 3 2.04 0.76 1 1 20.6 25.2 123 375.6 442.24 270.96
39.84 47.96 84.88 37.48 35.36 38.72 30.32 54.8 52.44 20.84 19.68 16.36 19.12 26.96 33.24 43.2 38.24 32.64 33.16 33.48 29.16 24.56 20.52 19.8 13.56 3.4 3 4.32 4.08 11 12.75 18 14.4 18 18 18 18 18 18 18 18 18 18 18 18 18 18 18 18 18 18 18 18 18 18 18 18 18 18 9 3 3 3 3 3 3 3 3 3 3 3 3 3 3.4 10.48 9.4 8.2 1 3 2.4 2.04 1.84 1.84 2.48 2.12 1.72 1 1 1 1 1.96 54.96 34.4 71.44 121.6 199.68
37.28 49.24 36.56 29.96 29.08 31.96 37.96 61.24 45.88 29.12 20.8 28.52 21.88 29.64 39.76 43.44 44 26.56 29.2 33.72 33.92 47.84 19.32 15 13.4 12.2 4.32 3.64 10.68 10.04 9.08 6.625 3 4.04 11.84 18 18 18 18 18 18 18 18 18 18 18 18 18 18 18 18 18 18 18 18 18 18 18 17.4 4.8 3 3 3 3 3 3 3 3 3 3 3 3 3 3.434783 7.4375 4.68 0.16 0.52 0.88 0.12 0 0 0 0.28 1 1 1 1 1 2.04 9.2 16.48 21 57.4 81.08 132.44
45.04 34.4 30.12 33.84 33.04 40.2 46.92 40.52 29.44 39.8 44.6 37.4 25.24 30 39.08 39.56 31.84 20.48 17.84 22.6 25.84 28.24 16.12 14.28 13.28 14 9.76 3.92 5.6 4.32 3 3.24 3.52 3.92 4 13.91667 18 18 18 18 18 18 18 18 18 18 18 18 18 18 18 18 18 18 18 18 18 18 6.6 3 3 3 3 3 3 3 3 3 3 3 3 3 3 3 3 0.5 0 0 0 0.12 0.16 0.32 0.28 0.16 1 1 1 1 1.16 2.6 3.72 8.4 6.6 22.2 73.64 131
36.52 27.16 28.12 32.88 34 37 34.84 20.36 18 26.08 44.64 33.32 25.4 27.4 37.92 36 23 19.56 17.32 17.4 37.84 36.76 26 18 13.84 16 10 6.76 4 3.76 3.44 4 4 3.8 3.52 6.16 18 18 18 18 18 18 18 18 18 18 18 18 18 18 18 18 18 18 18 18 18 12.6 3 3 3 3 3 3 3 3 3 3 3 3 3 3 3 3 3 0.6 0.24 0 0.16 0.76 0.84 1 1 0.96 1 1 1 1 1 2 1.8 1.2 1.2 10.56 26.28 140.44
39.28 36.52 34 32.08 35.04 43.52 25 18.8 18 29.2 31.04 22.28 35 37.2 39.84 36.16 20.44 19 22.56 34.4 37.84 29.52 18.64 14.16 22.52 24.48 7 7.12 4.76 4 4 4 3.64 3 3 7.565217 18 18 18 18 18 18 18 18 18 18 18 18 18 18 18 18 18 18 18 18 12.6 3.6 3 3 3 3 3 3 3 3 3 3 3 3 3 3 3 3 3 3 2.52 0 2.56 3.64 1.96 1.36 0.64 0.52 0.68 1 1 1 1 0.52 0 0 0.64 2.56 11.2 100.6
32.04 45.84 19.16 18 27.44 49.84 51.6 23.6 21.92 30.64 20.84 17 28.88 34.16 30.44 31.24 36.28 26.52 40.76 39.12 20.76 8.24 8.4 8.24 31 42.12 9.2 7.88 8 7.36 4.16 4 3.4 3 3 10.17391 18 18 18 18 18 18 18 18 18 18 18 18 18 18 18 18 18 18 14.4 4.8 3 3 3 3 3 3 3 3 3 3 3 3 3 3 3 3 3 3 3 3 3 2.6 4 3.64 3.88 1 0 0 0.08 0.92 1 1 0.64 0.08 0 0.48 1.72 5.84 35.08 29.12
50 47 35 21.88 26.12 28.36 40.68 38.2 26.64 24.64 18.44 17.2 17.6 14 15.08 16.64 20.28 20.32 34.56 40.96 26.32 21.32 10 10 14.72 26.2 18.56 16.8 16.8 15.64 10.64 7.04 3.72 3 3 17.375 18 18 18 18 18 18 18 18 18 18 18 18 18 18 18 18 18 16.8 4.2 3 3 3 3 3 3 3 3 3 3 3 3 3 3 3 3 3 3 3 3 3 3 3.28 4 4 2.56 1 0 0 0 0.72 1 1 0.2 0 0 0 0.64 1 34.84 42.96
71.8 63.4 50.96 42.12 31.8 26.92 31.32 32.88 26.64 24.36 31.4 25.6 18.08 16.32 16.24 16.92 17.04 17.92 20.64 49.36 43.48 12.88 8.24 9.56 13.28 19.84 21.68 20.48 30.12 18.44 13.4 12 12 5.52 3 18 18 18 18 18 18 18 18 18 18 18 18 18 18 18 18 20.56 18.64 13.8 3 3 3 3 3 3 3 3 3 3 3 3 3 3 3 3 3 3 3 3 3 3 3 3 3.190476 3.05 2.541667 1 0.04 0 0 1.8 2.12 1 0.56 0 0 0 0.56 0.92 0.08 4.32
117.2 89.92 79.8 52.04 40.12 42.04 27 27.2 26.56 27.32 32.2 30.68 19.4 17.2 18 19.68 17.88 23.52 40 45.8 63.2 42.16 13.72 21 13.96 10.28 15.88 40.04 48.4 18.72 12 12 12.52 12.8 14.90909 25.04 27.6 28.24 32.72 31.44 23.12 20.56 19.92 28.88 26.96 19.28 18 18 18.64 25.68 33.36 34 32.08 9.72 3 3 3 3 3 3 3 3 3 3 3 3 3 3 3 3 3 3 3 3 3 3 3 3 3 3 3 0.96 0.08 0 0.32 2.32 3 2.28 0.68 0 0 0 0.24 1 0.28 1.36
104.48 85.68 75.72 58 54.36 46.2 19.2 18.8 22 25.6 29.72 32 23.2 22 31.8 33.48 24.84 27.28 36.88 55.84 63 67 21 18.12 11.76 18.88 17.56 19.76 19 18.16 18.44 12.92 15.73913 19.3 29.43478 34 34 34 34 34 34 34 33.36 34 34 34 29.52 26.32 32.72 34 34 34 34 30.28 17.88 6.72 3 3 3 3 3 3 3 3 3 3 3 3 3 3 3 3 3 3 3 3 3 3 3 3 3 2 2 0.9473684 1.08 2 2.08 5.48 4.8 0.6 0.24 0 0.04 1 1.24 3.64
102.28 110.88 96.64 63.72 59.68 46.4 21.12 23.76 22 25.36 27.16 30.76 29.84 27 28.64 26.16 31.76 40.8 48.16 85.44 86.8 77.6 40.52 36 17.28 20.96 16.88 11.24 14.84 26.04 23.64 14.75 34 34 34 34 34 34 34 34 34 34 34 34 34 34 34 34 34 34 34 34 34 34 34 34 34 29.04 26.56 19.12 9.2 3 3 3 3 3 3 3 3 3 3 3 3 3 3 3 3 3 3 3 3 3 3 1.32 1.48 2 2 5.4 6.44 1 1 0.84 0.8 1 1 2.8
86.16 101.56 74.44 63.4 61.32 45.48 27.76 30 26 20.16 14.8 24.48 31.84 28.56 28 34.96 51 56.76 58.84 37 37.6 43.68 40.72 26.44 22.48 26.12 26.8 13.16 21.8 25.72 18.6 12.8 18.48 20.56 24.76 34 34 34 34 34 34 34 34 34 34 34 34 34 34 34 34 34 34 34 34 34 34 34 34 34 32.76 12.92 3 3 3 3 3 3 3 3 3 3 3 3 3 3 3 3 3 3 3 3 3 2.583333 1.28 1.76 2 3.68 2.56 1 1 0.96 0.68 0.68 0.84 2.72
79 71.64 58.76 142.52 94.76 107.48 165.92 204.32 55.04 17.08 13.8 16.52 36.2 27.84 26.16 29.24 46 59.16 42.88 35.36 23 33.96 26.84 25 22.76 43.88 34 28.2 23.6 14.56 10.32 10.4 8.2 10.5 22.13043 34 34 34 34 34 34 34 34 34 34 34 34 34 34 34 34 34 34 34 34 34 34 34 34 34 34 34 15.4 3 3 3 3 3 3 3 3 3 3 3 3 3 3 3 3 3 3 3 3 3 2.76 2.04 2 3.44 1 1 1 0.16 0.36 1.32 1.56 0.28
38.44 120.68 84.16 71.44 89.8 140.48 183.88 226 36 21.92 17.64 17 22.44 25.16 25.68 34.88 37.64 182.04 54.08 22.56 11 29.4 20.32 19.88 17.32 18.6 27.52 24.6 20 11.16 7.08 7.72 8 30.28572 34 34 34 34 34 34 34 34 34 34 34 34 34 34 34 34 34 34 34 34 34 34 34 34 34 34 34 34 32.76 10.44 3 3 3 3 3 3 3 3 3 3 3 3 3 3 3 3 3 3 3 3 2.96 2.08 2 3.56 1.12 1 0.96 0.04 1.92 3 2 0.96
80.84 118.12 97 71.2 95.96 64.08 40.28 21.8 30.04 20 17.12 30.6 34 27.8 28.52 38.76 46.56 56.2 25 34.96 17.8 22.2 19.28 17.76 21.56 20.2 25 22.88 20 13.76 7 7 27.61905 34 34 34 34 34 34 34 34 34 34 34 34 34 34 34 34 34 34 34 34 34 34 34 34 34 34 34 34 34 34 25.32 3 3 3 3 3 3 3 3 3 3 3 3 3 3 3 3 3 3 3 3 2.92 2 2 2 2 1.84 7.92 2.52 3 1.96 1 1.76
78.24 72.88 55.72 70.48 63.6 57.64 36.48 26.36 14.72 14.56 19.6 18.96 13.36 12.08 20.16 22.84 25.88 61.08 18.56 15.72 15.56 22.32 35.24 35.24 35.32 36.64 39.28 42 39.92 22 7 7 32.92 34 34 34 34 34 34 34 34 34 34 34 34 34 34 34 34 34 34 34 34 34 34 34 34 34 34 34 34 34 34 30.28 3 3 3 3 3 3 3 3 3 3 3 3 3 3 3 3 3 3 3 3 4.6 5.6 4.16 2 2 2.64 8.72 10 6.44 1.64 1.04 1.84
72.44 96.72 71.24 53.68 0 35.76 50.88 54.32 37.88 10.16 26.16 38 36.2 30.56 36.8 37.6 33.12 37.92 20.16 13 14.76 19.52 27.16 28.52 23.64 41.6 46.48 42.48 43.68 28.04 7 10.68182 30.76 34 34 34 34 34 34 34 34 34 34 34 34 34 34 34 34 34 34 34 34 34 34 34 34 34 34 34 34 34 34 34 3 3 3 3 3 3 3 3 3 3 3 3 3 3 3 3 3 3 3 3.72 5.28 8 8 4.56 2.8 4.16 11.12 10.24 4.8 2 1.88 1.24
60.72 66.6 52 70.04 48 56.44 46 46 27 8 7.84 40.16 41.76 26.76 37.64 36.04 29.44 32.84 15 14.44 16.68 34.28 28.52 19 31.4 50 33.2 38.08 50 39.2 5.2 6.04 7 21.5 34 34 34 34 34 34 34 34 34 34 34 34 34 34 34 34 34 34 34 34 34 34 34 34 34 34 34 34 34 34 3 3 3 3 3 3 3 3 3 3 3 3 3 3 3 3 3 3 3 4.36 5 13.88 23.12 12.12 3 3.72 12 8.16 0.4 1.76 1.6 1
61.6 60.2 44.52 39.92 64.8 66.36 43.32 37.76 48.08 44.12 7.52 20.76 37.36 24 34.76 64.04 15.44 20.04 30.4 13.68 18.84 35.04 46.76 47.56 27.8 34.88 20 35.96 34.92 17.28 4 4 4 5.304348 29 34 34 34 34 34 34 34 34 34 34 34 34 34 34 34 34 34 34 34 34 34 34 34 34 34 34 34 34 32.76 3 3 3 3 3 3 3 3 3 3 3 3 3 3 3 2.96 2.56 2.04 2.28 2.6 5.68 14.96 28.12 21.76 3.16 3.4 10.72 3.36 0 0 0 0.64
93.96 84.24 54 42.44 69 57.88 46.84 45.84 75.4 56.92 27.92 29.76 33 23.36 29.48 41.12 27.56 33.04 31.64 12.4 12.44 25.64 31.16 32.24 12.52 7 13.24 31.8 20.6 7.56 4 4 4 4 6.5 27.75 34 34 34 34 34 34 34 34 34 34 34 34 25.32 15.4 10.44 12.92 10.44 22.84 34 34 34 34 34 34 34 34 34 22.84 3 3 3 3 3 3 3 3 3 3 3 3 3 3 3 3 2.04 2 2 2 6.6 7 16.4 13.68 4 4.08 4.92 2.6 0 0 0 0
91.64 89.56 84.6 77.48 44.16 80.92 51.56 29.2 25.16 17.4 24.68 49.8 46.2 40.76 34.68 30 34.8 43 26.92 16.88 22.12 26.44 26.4 13.48 7 7 7 32.72 14.96 9.6 4.16 4.16 6.08 8.26087 25.81818 34 34 34 34 34 34 34 34 34 34 34 34 21.6 3 3 3 3 3 3 15.4 34 34 34 34 34 34 34 26.56 4.24 3 3 3 3 3 3 3 3 3 3 3 3 3 3 3 3 2.583333 2.04 2 3.2 10.8 6.68 2 2.4 2.64 2.44 3.68 2 0 0 0 0
51.92 56 56.2 66.28 103.76 88.28 54.28 23.12 20.52 18.16 21.64 46.28 45.4 71.8 61.52 40.4 34.6 31 23.24 23.64 24.56 25.84 22.92 15.08 15.84 14.8 20.28 35.84 11 10.28 7.84 8 8 8 26.72 34 34 34 34 34 34 34 34 34 34 34 22.84 3 3 3 3 3 3 3 3 15.4 34 34 34 34 34 17.88 3 3 3 3 3 3 3 3 3 3 3 3 3 3 3 3 3 3 3 2.8 2.291667 2 10 7.68 0 0.96 2 2 2 2 0.4 0 0 0
