eomf-prod/eomf/data/ecohealth/hpdn.asc
ncols         992
nrows         717
xllcorner     68.144226
yllcorner     5.633471
cellsize      0.041667
NODATA_value  -9999
[rows 473 to 515 of 717, columns 768 to 863 of 992]
276.8 215.36 99.24 99 87.6 69 67.2 67.2 67.76 69.16 70.16 71 70.84 66.84 63.4 59 77.48 83 83 83 83 75.12 66.68 56 56 56 56 56 51.88 39 43 52 51.8 44.84 38.6 34 34 34 34.12 46.64 80.28 85 85 94.72 204.52 313.24 164.8 97 97 97.92 99.76 106.12 108.56 123.04 126 133.84 157.68 169 169 169 163.36 125 125 125 125 125.48 127.8 117 110.08 110 110 110 111.6 122.92 123.36 126.56 146.92 148.24 144.44 138.36 138 138 135.52 117.68 114.8 117.72 119 119.64 125.24 138.64 142 141.72 112.28 102 104.36 127.72
326.96 227.36 101.08 90.68 70.52 67.4 67.2 67.2 67.4 67.2 67.32 64.6 60.48 59.04 59.08 59.04 74.6 79.6 70.4 69.64 62.72 56.12 56 56 56 56 56 56 56 49.16 48.68 52 52 52 52 44.28 34 34 34 61.84 78.92 84.32 85 89.64 96.76 97 97 97 103.32 106.36 106.88 107 107 114.16 125.6 138.16 150 162.64 169 161.52 163.08 125.64 125 125 125 126.56 128.2 128.2 119.88 110 110.36 112.44 120.68 123 123 123 131.4 146.4 144.72 120.24 112.52 104.68 95.6 94 94 110.2 126.36 133.76 135.04 135.08 136.4 139.44 111.6 102 102 107.96
320 163.56 38.16 112.76 58.52 67.4 67.2 67.2 67.4 67.2 64.88 59.44 59.2 59.2 59.4 59.2 59.04 56.28 56 56 56 56 56 260.56 56 56 56 56 56 56 52.76 52 52 52 44.92 35 34 34.8 51.36 76 76 77.48 83.88 83.92 87.44 96.28 97 97.4 106.16 107 107 107 107 107 112.08 108.08 107 109.68 118.88 132.6 133 128.96 125 125 125 126.28 128.2 128.2 125.48 116.28 117.76 117.88 119.68 122.88 123 122.56 121.48 121.04 111.4 95.36 94.44 94 94 94 94 127.68 135.4 135.2 135.2 135.4 135.2 126.84 102 102 102 107.12
313.76 256.64 217.84 241 91.08 67.88 67.84 67.84 67.88 67.84 62.4 59.4 59.2 59.2 59.4 59.2 57.56 56 56 56 56 56 56.04 379.44 56 56 56 56 56 55.76 52.04 52 53.72 52 50.44 51.56 64.24 71.04 76 76 76 76 77.04 76.44 76 85.28 95.64 93.96 104.52 107 107 107 107 107 121.88 149.12 107 107 107 125.52 133 132.88 131.28 127.4 126.64 125.8 127.16 128.2 122.36 118 118 118 118 119.56 121.96 121.2 121 121 121 120.76 105.4 94 94 94 94 130.16 135.4 135.2 135.2 135.4 135.2 129.72 102 102 102 102
176.4 152.36 81 158.16 83.96 68.48 68 68 68 68 65.4 59.4 59.2 59.2 59.4 59.2 57 56 56 56 56 56 56 56 56 56 56 56 56 55 52 54.08 90.04 84.52 89 89.4 76.08 76 76 76 76 76 76 76 76 76 83.12 86 86.64 90.92 104.04 107 107 107.12 265.24 224.24 107 107 107 116.96 132.84 133 133 132.6 132.2 131.16 124.92 125.44 125.2 119.96 118.4 118.24 119.16 120.48 121 121 121 121 121 121 103.32 94 94 94 94 129.2 135.4 135.2 135.2 135.4 135.2 119.24 102 102 102 102
81.64 81 81 81 81 80.68 70.4 68 68 68 66.08 59.4 59.2 59.2 59.4 59.08 56.36 56 56 56 56 56 57.32 59.24 61.64 60.16 61.28 62.32 53.52 52.4 52 52 62.48 93 93 92.44 76.76 76 76 76 76 76 76 76 76 78.04 85.8 86.76 86 86 94.36 107 107 107 181.6 167.8 107 107 107 107 113.72 132.32 133 132.8 132.2 132.4 131.44 124.36 124 123.72 121.12 120.72 121 121 121 121 121 121 121 115.24 94.16 94 94 94 94.16 130.16 135.4 135.2 134.48 123.24 130.16 107.04 101.96 102 102.84 115.84
81 81 81 81 78 74.88 71.08 67.24 67.64 68 63.32 59.88 59.84 59.84 59.36 56.4 56 56 56 56 56 56 58.44 67 67 67 67 64.28 52 52 52 52 68.88 93 93 93 91.12 90.84 80.36 76 76 76 76 76 76 81.68 92.8 101.28 98.6 98.8 101.92 103 106 107 107 107 107 113.28 119.52 112.84 108.16 126.76 133 132.96 129.8 121.56 117.64 123.88 124 124 123 121 121 121 121 121 121 121 115.92 94.6 94 94 94 94 99.8 135.84 135.88 135.84 122.84 89 90.44 89.52 91.6 97.2 119.56 127.84
81 81 81 81 78.36 67.04 67 67 67.48 67.8 61.52 60 60 60 60 56.92 56.6 56.32 56.4 64.52 64.24 62.56 63.2 67 67 67 67 66.48 52.64 52.52 52 52 55.88 82.72 93 93 93 93 90.96 77.72 76 76 76 76.64 79.6 92.96 102 102 102 102.32 102.08 102 102.16 103 105.04 106.8 110.72 119.44 126.28 129.88 126.24 129.12 133 133 118.52 102 102.2 110 119.88 124 123.6 109.52 112.08 119.72 121 121 121 121 111.72 94 94 94 93.52 94.88 124.24 136 136 136 135.12 94.44 89.52 89 89 111 127.76 128
81 81 83.44 96.32 100.48 74.52 67 67 67.2 61.28 60 60 59.08 56.92 56.96 57 57 57 60.84 66.96 67 67 67 67 67 67 67 66.16 53.04 52.8 52 52 52 54.36 82.76 93 93 93 93 89.72 76 76 89.56 112.08 112.4 106.08 103.04 107.08 109.44 110 107.6 102.08 102 102 102 113.04 125.4 125.2 125.24 122.08 120 114.92 127.68 127.16 102.68 102 102 102.2 111.24 128 123.84 89 85 85.72 97.96 119.28 121 119.12 97.24 87.08 89.48 91.16 86.6 107.08 114.92 118.6 121.32 121.72 128.16 133.6 117.72 98.28 102.72 127.96 128 128
91.88 81 102.92 106 106 103 88.76 67 67 64.08 60.76 60 55 54 56.28 57 57 57 57 59.8 66.6 67 67 67 67 67 67 64.8 51.92 52.72 52 52 54 71.68 81.44 91.6 81 84.56 91.04 80.16 71.08 77.52 109.96 113 113 112.12 109.84 110 110 110 110 106.52 105.88 102.04 102.32 109.56 113.72 124.2 120.72 120 120 105.88 103.44 105.68 102 102 102 111.28 130.84 131 130.08 119.76 86.92 85 85 85.44 91.48 88.96 85 85 85 85 93.12 108 108 108 108 113.88 131.64 137 137 135.32 128.92 134 130.4 128
124.76 114.28 106.52 106 106 102.2 67.68 67 67 67 66.96 60.28 54.04 54 55.76 56.68 57 57 57 57 46.84 61.12 60.2 61.12 63.64 66.76 58.48 45.08 51.32 52.84 52 53.52 68.28 72.6 72.72 73.8 71 71 71 71 71 71.12 95.52 113 113 113 111.08 110.16 110.08 113.64 124.48 141.24 153 123.64 102 102 108.4 119.52 120 120 113.12 102.52 102 102 102 102 102 102 122.08 131 131 131 117.6 94.76 85 85 87.96 89.28 85 87.36 85 85 95.72 108 108 108 108.84 134.84 137 137 137 137 137 137.88 135.48 128
125 125.96 117.92 106.4 169.44 187.84 83.48 67.08 67 67 67 62.8 54 54 54 54.32 56.76 57 57 53.28 41.04 41 41 41 41 41.2 41 44.76 53 54 64.84 70.84 71 71 71 71 71 71 71 71 71 71 85 113 113 113 112.56 111.36 110.28 143 153 153 146.16 102.52 102.28 112.56 120 120 120 116.84 107.2 102.36 102 102 102 102 102 111.76 130.96 131 131 131 131 128.16 110.16 103.4 126.68 127.8 107.56 128.4 100.44 85.44 93.16 108 108 108 108.6 135.8 137 137 137 137 137.68 153.44 151.6 130.08
139.4 135.4 181.2 143.36 362 362 109.6 75.28 85 80.56 73.64 54.44 54 54 54 54 55.76 57 57 55.4 42 41 41 42.04 41 41 41 41.2 51.04 53.48 71 71 71 71 71 71 71 71 71 71 71 71 88.84 113 113 113 113 113 126.2 152.08 153 153 151.36 132.88 137.64 120.16 120 120 120 120 117.92 102.28 102 102 102 102 102 110.96 131 131 131 131 131 131 131 131 131 131 131 122.84 108.68 106 105.04 108 108 108 128.08 158.32 137 137 137 137 176.36 196 183.48 183.04
220.16 219.44 226.32 163.84 226.88 319.84 111.52 98.52 106 106 112 105.4 57.36 54 54 54.16 56.16 57 57 57 43.84 41 41 309.72 229.96 41 41 41 48.8 53.04 69.08 71 71 71 71 71 71 71 71 71 71 82.32 107.56 113 113 113 113 113 124.08 153 153 153 153 149.08 129.12 120 120 120 120 120 110.12 102 102 102 102 102 102 109.48 131 131 131 137 148.32 131 131 131 131 131 130.64 111.04 112.48 108 108 108 108 108 153.2 160.24 137 137 137 137 139.68 164.44 207 207
233.52 190.6 187.72 166.84 110.48 146.16 106 106 106 113.28 122.96 123.16 89.24 54 54.28 54.52 56.88 62.24 64 57.96 41.28 41 41 278.88 185.76 41 41 41 46.28 52.96 64.24 69.92 71 71 71 71 71 71 71 71 71 89.56 113 113 113 113 113 119.16 152.96 153 153 153 153 142.56 120 120 120 120 120 120 112.44 102 102 102 102 103.96 108.04 109.4 119.6 130.84 131 135.68 167.72 132.52 131 131 131 131 134 140.36 142.6 134.12 121 123 115.8 116.52 168.96 167.6 162.92 138.52 137 136.96 135.16 135.36 187.44 207
213.88 187 187 187 179.48 106.44 106 106 109 123.2 123.2 123.4 81.8 61.8 81.12 76.28 77 88.28 88.2 46.76 41 41 41 41 49.92 42.44 41 41 41.08 51.32 64 67.16 70.96 71 71 71 71 71 71 71 71 72.56 106.36 113 113 113 119.12 179.92 192.48 162.52 153 153 153 140.44 117.72 120 120 120 121.44 121.68 124 109.56 102 102 109.4 116 116 116 123.76 135.24 146.36 149.4 179.96 182.68 142.56 131 131 131 133.56 144.36 144.48 144.2 144.2 144.4 144.2 149.04 169.56 169 169 145.6 137 145.84 146.56 137.16 168.56 207
188.16 179.2 185.88 187 182.8 120.56 106.28 113.4 121.28 123.2 123.2 123.4 89.92 88.8 140.36 88.52 88.52 88.64 87.4 42.04 41 41 44.96 70.64 77.88 63.6 41 41 46.84 53 62.48 67.2 70.96 70.88 69.92 70 71 71 71 71 71 71.76 108.52 110.6 117.56 113.56 198.6 425.08 424.44 392.2 207.8 161.16 153 113.68 108.32 120 120.84 121.36 123.52 125 125 123.64 106.2 107.88 116 116 116 116 158.36 184.12 188.92 189 189 189 182.4 150.48 137.28 133.2 134.36 151.12 151.92 147.32 145.76 144.52 144.2 144.76 232.32 205.28 198.28 161.72 157.92 160 152.16 142.24 192.88 207
176 176 177.96 180.28 175.08 175 159.32 128.8 123.4 123.2 123.2 122.2 92.56 238.36 225.84 89 89 89 74.32 41 41 41 50.4 78 78 78 63 51.84 45.4 52.88 59.92 67.48 68.2 66.76 66 66.12 68 68.28 67.52 69.6 69.04 79.68 108 108 292.04 353.96 365 462.32 467.16 430.52 171.4 152.36 120.16 99.2 99.2 107.56 114.52 125 125 125 125 125 124.72 117.76 176.8 136.76 116 116 134.32 189 192.24 199.84 195.28 188.92 178.72 158.68 134.36 134 135 150.04 152.4 152.2 152.2 150.6 151.32 221.92 244.84 245 245 203.68 160 160 159 142.8 158.2 199.2
176 176 175.6 175 175 175 175 173.08 128.12 123.2 123.2 104.12 89 89 89 89 89 81.2 42.28 42.8 50.2 54.16 76.96 77.84 75.8 76.64 74.52 71.6 72.12 45.92 43.44 66 66 66 66 66 66 66 65.88 59.52 58 66.32 108 108 326.72 448.84 467.2 467.4 467.2 390.32 100.12 106.44 99 99 99 99 100.52 124.56 125 125 125 125 123.28 116.76 519.48 229.92 116 116 142.36 190.56 207.24 208 204.16 173.64 166 148.2 134 134 138.44 150.84 152.4 152.2 152.2 152.4 152.44 233.68 245 245 245 238.96 165.6 160 155 142.2 158.6 197.08
176 176 176 175.12 175 175.84 221.48 200.92 123.88 123.84 123.84 101.64 89 97.08 89.4 89 89 66.56 49.76 56.84 58 59.32 60.68 58.64 58 58.92 58.16 52.96 47.16 35.56 36 63.72 66 66 66 66 66 66 65 58 58 58.16 99.12 135.56 360.2 467.2 467.2 467.4 467.2 425.92 99.96 99 99 99 99 99 99 117.6 125 125 125 123.64 117 116 171.48 116 116 116 164.8 194.28 207.96 208 193.12 167.04 161.6 134 134 134 137.6 152.84 152.88 152.84 152.84 152.88 155.76 244.08 245 245 245 245 181.96 158.76 146.08 142.2 157.88 177.88
169.36 171.76 178.76 179.48 182.8 273.88 334 193.04 124.48 137.36 185.8 180.32 181.6 274.6 196.16 89 89 63.32 58 58 58 58 58 58 58 58.28 58.08 41.56 35 35 35 58.6 66 66 66 66 66 66.96 77.68 59.36 58.24 58.96 120.4 313.52 438.52 467.2 467.2 467.4 467.2 460.08 141.08 99 99 99 99 99 99 101.76 112.48 118.8 120.4 119.44 116 115.92 115.8 116 121.72 154.88 188.08 189 195.68 198.68 177.92 162.88 147.24 134 134 134 138.32 159.52 196.72 178.12 153 153 176.52 245 245 245 197.72 228.08 188.72 153.88 144.84 145.04 147.76 165.52
140.52 154.04 180.16 180.2 188.56 353.32 368.72 204.8 169.64 173.64 271.84 283.88 290.6 277 271.84 219.52 147.6 113.6 58 58 58 58 58.8 60.96 60.8 61.6 45.52 35.08 35 35 35 48.76 66 66 67.2 78 116.88 187.68 187.92 131.44 181.6 198.4 204 416.96 465.76 467.2 467.2 463.96 459.4 261.24 76.28 86.68 99 99 99 99 99 101.24 111.04 111.4 111.2 112.36 113.72 112.24 115.76 116 135.4 189 189 189 186.6 189 185.52 142.32 134 134 134 134.56 150 208.56 230 223.96 168.4 153 153 229.44 245 245 245 191.64 163.76 151.2 151 151 151 148.4
139 142.32 193.8 191.76 187.2 271.48 355.68 261.88 179.68 188.44 274.52 297.2 302.8 281.64 277 277 277 271.32 79.24 58 58 58 59.68 62.16 62.08 54.6 35.64 35 35 36.08 46.08 57.04 67.24 54.72 185.64 198.72 204 204 179.68 121.04 173.6 144.4 97.68 204.24 433.76 418.8 467.92 329.56 279.2 155.84 72 75.04 100.08 100.44 101.28 100.64 99 100.6 111.32 111.64 111.52 111.52 111.64 110.8 108.92 111.28 140.48 189 189 180.96 122.92 189 186.16 135.24 134.24 134.12 134.48 145.52 159.16 217.68 230 207.84 153 153 153 223.8 245.24 245.12 245.12 107.48 113.4 151 151 151 151 144.16
139.04 157.88 218.48 217.72 217.36 243.68 324.76 318.8 177.56 188.12 272.84 305 305 303.92 269.76 273.8 261.44 152.64 65.88 58 58.44 63.72 60.2 62.4 54.44 44.84 35.16 35 35 48.72 71.2 71.2 34.56 26.76 71.44 125.6 114.48 90.04 63.6 58 58 58 58 116.6 134.92 115.08 311.24 156.32 77.08 72 72 85.48 104 104 104 106.44 103 104.96 107.16 111.92 111.84 110.04 101.48 103.48 102 102.96 126.64 188.68 189 177.2 159.88 156.88 181.76 151.96 134.4 137.28 149.2 153 153 180.24 186.28 153 153 153 176.36 224.48 245.4 245.2 171.04 77.96 79.48 102.32 130.8 151 151 136.24
149.84 154.76 190.28 194.24 196.76 277.48 308.44 305.88 186.64 176.32 256.84 294.72 299.2 303.96 236.52 210.44 207.12 140.24 101 58.28 76.84 83.72 67.56 62.4 54.88 35.24 35 35.08 44.92 71 73.36 64.76 15.76 61.12 67.4 66 66 63.36 58 58 58 58 57.04 55.52 73.36 192.32 126.76 71.84 311 147.48 72 92.04 104 104 104 105.36 106.96 107 107 107.92 107.8 91.96 82 93.12 101.96 102 100.52 147.4 181.48 167.04 145.4 125 126.96 129.52 127.68 133.24 150.48 146.36 153 152.44 151.64 153 153 153 126.8 139.92 144.24 147.08 86.48 77 77 77 93.16 148.64 137.24 126.52
169.6 204.6 191.24 191.2 192.56 204.72 234.56 286.24 189.48 239.4 277 277 231.28 135.64 208.68 225.8 225.84 305.28 389.32 159.32 84 84 64.96 57.64 39.44 61.2 55.56 67.96 86.92 92.36 104.68 92.72 74.4 72 72 68.96 66.12 58.32 56.76 57.8 57.76 56.88 55.64 55 126.52 204 90.28 67.8 393.72 202.96 72 89.16 104 104 104 104.12 106.72 107 107 105.84 90.2 82 82 82 93.8 102 94.04 127.52 166 166 165.68 141.24 125 125 125 125 125.52 125 129.72 130.28 126.68 144.44 150.6 123.36 106 105 105 83.68 77 77 77 77 87.76 111.96 111 111
215.96 216.12 206.92 208.44 210.4 211 211.36 250.44 226.36 264.36 277 266.16 141.48 119.84 171.84 224.36 227.84 382.76 436.04 139.16 84.96 93.88 87.36 61.16 97.84 97.88 81.72 93.72 96.6 103.36 106 106 76.04 72 72 72 69.16 56.28 55 55.36 55.32 55 55 55 132 190.88 55 58.32 72 72 72 86.88 104 104 104 105.68 107 107 107 98.04 82 82 82 83.08 94.16 97.96 83.48 118.52 166 166 165.96 133.56 126.12 155.2 135.08 125 125 125 125 125 125 125.12 131.24 112.52 105 104.96 95.92 77.16 77 77 77 77 77.32 96.96 111 111
217 211.2 172.48 187.8 218.04 213.72 214.88 243.56 237.4 178.08 171.08 94.04 131.4 178.08 183 222.96 220.08 313.12 339.6 145.24 99.96 106 106 106 106 106 106 106 106 106 106 89.28 72 72 72 72 70.64 55.12 55 55 55 55 55 55 55 55 55 53.04 65.68 72 71.96 87.76 104 104 104.16 106.6 107 107 107 91.64 82 82 82.44 274.56 260.88 102.24 82 118.88 166 166 163.84 135.08 137.2 166 140.36 125 125 125 125 125 125 125 125 115.96 95.28 84.32 77 77 77 77 77 77 74.24 76.88 111 111
217 178.76 154.4 161.52 226.36 224.28 323.04 406.2 309.52 183.76 125.92 71 177.84 234.96 248.16 250.32 189.32 173.16 297.08 183.44 106 106 106 102.36 74.16 68.92 104.56 97.64 100.48 106 97.48 72 72 72 72 72 67.16 55.16 55 55 50.68 55 55 55 55 55 53.88 43.08 54 68.6 48.88 51.48 59.8 70.96 97.88 95.4 106.72 99.84 93.48 88.44 84.4 82 90.44 184.92 176.12 82 82 129.48 166.08 166.04 166.04 165.8 162.72 163.36 128.16 125 125 125 125 125 125 125 125 111.72 77 77 77 77 77 77 77 73.4 65.64 65.28 111 111
225.16 218.44 187.64 215.6 229 232.12 361.64 407 271.64 185.64 188.4 118.56 234.24 349.84 373.32 237.28 168.88 179.36 303.68 277.48 128.44 101.44 93.48 84.08 37.72 56.48 83.92 105.76 105.68 106 96.64 78.88 72 72 72 72 57.08 55 55 48.32 45.6 55 55 55 55 54.76 46.52 42 42 42 42 42 42 42 46.28 56 70.36 88.2 88 88 85.12 82 82 82 82 82 81.8 136.32 166.4 166.2 166.2 166.4 166.2 132.72 124.96 125 125 125 125 125 123.68 116.8 120.2 106.24 77.04 77 77 77 77 76.6 68.24 64 64 73.68 111 111
252.76 238.2 229 229 229 227.44 254.8 339.32 265.12 225.44 238.48 207.88 322.04 379 340.88 176.32 159.52 241.76 309 308.96 179.68 84.84 84 71.2 35 54.64 71.88 75.48 75.96 97.44 98.76 89.44 72 72 72 72 57.24 55 55 53.56 55 55 55 55 55 52 42 42 42 42 42 42 42 45.04 53.04 56 69.2 83.84 83.48 87.76 83.08 82 82 79.52 77.6 75.76 76.24 142.84 166.4 166.2 166.2 166.4 146.16 105.84 91.48 106.16 101.96 120.24 115.28 115.36 111.16 88.6 84 84 83.44 81.8 80.72 77.08 77 77 66.64 64 64 88.4 111 111
266.96 243.96 227.24 202.52 202.48 197.24 221.52 277.4 258.28 240.92 217.76 195 201.8 242.76 245.72 141.48 145.16 280.4 306.12 292 200 84 84 83.88 48.04 35 61.68 67.2 70.16 72 72 71.2 70.24 72 72 72 62.96 55 55 55 55 55 55 55 55 51.72 42 42 42 42 42 42.76 51.6 56.36 56.2 56.2 61.2 60.32 56.24 112 100.88 103.28 85.84 78.72 75 75 75 119.2 166.4 166.2 166.12 138.2 110.08 109.88 89.68 84 84 88.32 86.88 84 84 84 84 84 84 84 84 78.72 77 77 67.52 64 64 70.8 110.88 111
235 214.96 191.24 195.24 196.2 196.4 202.44 220.24 201 240 224.64 195 202.44 215.6 214.32 182.32 195.68 245.4 249 262.16 202.56 84 84 84 60.72 40.12 62.56 67 67.04 68.76 71.88 48.76 48.84 62.04 56.56 66.36 60.36 55 55 55 55 55 55 55 55 54.12 42.96 42 42 42 42 42 48.04 56.4 56.2 56.2 56.4 56.2 83.48 122 122 122 114.24 95.2 75 75 75 79.44 144.44 156.16 127.32 110 110 110 97.8 84 84 84 84 84 84 83.88 79.36 84 59.52 65.32 83.8 77.48 77 77 68.64 64 64 67.4 110.96 111
156 156 156 143.24 139.84 192.92 206.44 183 278.92 683.24 621 298.16 192.56 194.28 209.2 223 242 247.4 247.2 200.44 140.88 133.24 110.44 89.24 84 77.32 67 67 67 67 68.76 49.8 42 42 42 43.56 48.44 55 55 55 55 47.16 53.36 53.24 55 55 43.68 42 42 42 42 42 42.4 52.44 55.88 56.2 56.4 56.36 114.16 122 122 122 116.08 78.32 75 75 75 77.84 110.16 113.72 110 110 110 109.96 88.24 84 84 84 80.4 79.8 64.64 20.24 4.84 33.28 12.68 37.4 81.48 78 77 77 72.2 64 64 74.88 111 111
156 156 156 107.4 125.16 228.88 267.08 220.48 183.16 878.24 962.2 371.08 187 187 188.04 215.64 247.2 247.4 234.92 151.2 142 142.2 148.48 148.32 104.44 71.04 67 67 67 67 67 66.48 47.24 42 42 41.96 30.84 48.76 51.28 39.96 36.04 27.2 33.12 31.24 53.88 54.84 44.56 42 42 42 42 42 42 42 50.04 56.2 56.4 56.2 77.68 87.92 85.28 86.04 71.32 65.08 75 75 75 82.76 110 110 110 110 110 109.76 81.48 62.36 54.36 55.04 25.72 17.64 5.52 4 4 4 4 4 5.64 22.96 35.56 43.64 67.16 48.6 40.92 63.8 79.4 19.64
156 156 148.96 104.48 111.52 225.68 425.4 347.04 209.32 934.12 743.72 345.28 210.36 189.92 189.96 201.96 224.52 236.56 167.24 142.76 142.64 146.52 149 149 89.6 67 67 67 67 67 67 67 59.16 42 42 30.76 13.96 26.56 35.12 27 27 27 27 40.12 55 47.16 42 42 42 42 42 42 42 42 42.24 54.28 56.52 56.36 55.52 49.36 40.16 31 31 38.64 75 75 75 76.4 108.4 110 109.04 81.56 46.12 30.72 24.2 18 11.6 9 8.96 6.08 4 4 4 4 4 4 4 4 3.96 2.12 4.84 2.76 2 2.08 2 2
143.36 155.2 129.76 109.2 192.44 229 229 163.48 142 300.2 265 265 253.08 199.28 199.4 199.2 215.6 191.72 141.88 140.96 148.84 149 149 145.16 85.2 67 67 67 69.8 82.68 90.64 63.08 54.68 42 42 42 33.88 26.4 27 27 27 27 27 48.56 54.16 42.4 42 42 42 42 42 42 42 42.68 54.44 57 57 57 57 51.4 31.48 31 31 31.52 66.36 75 75 75 85.24 98.12 44.04 28 27.92 22.12 18 16.56 9.04 9 9 11.6 9.96 4.4 4 4 4 4 4 4 3.8 2 2 2 2 2 2 2
138 140.6 129.16 165.16 203.88 217.68 201.92 142.04 142 225.68 265 264.76 207.44 199.2 197.12 161.92 126.6 113 111.24 103.04 135.56 149 149 129.08 67 193.44 183.04 68.24 81.96 94.48 156.44 42.96 42 42 42 42 37.44 27 27 27 27 27 27 29.08 43.04 42.36 42 42 42 42 42 42 42 47.84 57 57 57 56.72 45.56 31.8 31 31 31 31 44.68 73.08 75 75 70.32 30.68 21.96 27.64 28 28 22.72 12.6 9 9 9 12.8 14 7.2 4 4 4 4 4 4 3.28 2 2 2 2 2 2 2
137.8 137.84 144.96 147.92 148 148 146.48 142 142 218.44 265 236.08 206.04 290.16 324.76 113 113 113 102.96 84.2 100.76 147.4 147.56 92 67 272.36 246.4 79.76 103.12 152.84 163.12 119.64 43.04 42 42 42 35.12 27 27 27 27 27 27 27 27.16 32.24 40.72 42 42.84 45.8 42 42 42 50.48 57 48.12 41.76 35.04 31 31.08 31 31 31 31.04 31 62.12 75 46.28 21.36 18 13.96 14.76 21.68 27.4 28.2 25.44 22 18.68 15.68 14.68 138.28 171.28 8.24 4 4 4 4 4 3.16 2 2 2 2 2 2 2
136.16 136 136 146 150.04 148 148 143.72 142 161.32 241.64 293.92 394.52 419.2 357.32 113 113 113 103.16 84.2 84.4 103.52 108.44 67.52 67 73.36 83 101.76 162.36 163.4 163.2 162.92 50.44 42 42 42 28.28 27 27 27 27 27 27 27 27 27 27.76 44.64 46.12 51.24 46.44 44.28 42 44.4 47.68 35.96 33.6 34.16 41.64 45.48 43.64 34.68 35.84 45.28 47.04 44.48 50.04 23 18 18 16.32 13 13 13.76 27.04 29 29 29 29.2 29.2 68.16 65.48 23.64 4.88 4 4 4 4 3.48 3.28 3.92 4.24 4.56 3.28 2 2
136 136 136 160.28 173.36 177.68 181.64 257.28 288.96 291.12 349.6 419.4 419.2 419.2 358.4 113 113 159.76 242.16 84.36 84.52 84.36 83.12 68.6 67 76.8 83 85.4 156.44 232.12 186.72 163.52 84.12 42 42 42 43.08 40.08 27.88 27 35.48 33.2 27 27 27 27 28.28 51.6 52 52 52 51.96 45.56 41 41 41 43.56 48.48 49 49 49 49 49 49 49 49 40.96 18 18 18 18 16.64 15.84 17.64 24.28 23.48 22.72 22.28 26.08 24.84 18.6 17.6 13.56 7.52 4.8 5.24 5.44 5 5.88 6 6 6 4.48 3.92 2.52 2
136 136 136 163.96 178.92 189 189 191.68 318.96 333 394.96 419.4 419.2 419.2 375.12 328.92 606.52 709.2 433.08 84.84 84.88 84.84 84.84 74.16 67 78.8 77.76 93.6 179.24 350 282.48 153.52 70.76 42 42 53.4 75.04 76.84 56.24 47.32 75.36 75.92 28.64 27 27 31.96 50.44 52 52 52 52 52 42.12 41 41 41 41 45.24 49 49 49 49 49 49 49 49 28.44 18 18 18 18 18 18 20.48 22 22 21.76 20.48 20 20 9.8 6 6 6 6 10.32 26.24 10.08 6 6 6 5.04 4 4 3.96 2.2
136 136 136 166.92 174.16 192.44 189 336.76 699.2 753.44 800.48 480.6 548.28 647.92 718.68 586.4 420.88 374 276.4 85 85 85 85 84.24 71.2 67 67 107.4 185.48 237.04 171.12 106.68 43.32 42.08 42.44 73.36 78.24 83 78.36 79.04 76 76 56.12 44.32 45.84 49.12 52 52 52 52 52 50.84 41.64 41 41 41 41 42.32 48.96 49 49 49 49 49 49 49.28 56.36 58 62.4 68.48 43.52 36.84 30.92 21.28 22 22 25.96 19.8 20 20 12.72 6 6 9.68 16.76 40.36 22.32 6 6 6 6.68 5.88 4 4 4 1.44
