eomf-prod/eomf/data/ecohealth/hpdn.asc
ncols         992
nrows         717
xllcorner     68.144226
yllcorner     5.633471
cellsize      0.041667
NODATA_value  -9999
[rows 172 to 214 of 717, columns 480 to 575 of 992]
2 2 1.12 1 1 1 1 1 1 1 1 1 1 1 1 1 1 1 1 2.6 6.48 9.24 10.88 11 9.88 2.28 2 2 2 2 2 2 2 2 2 2 2 2 2 2 2 2.04 2.92 2.2 5.08 4.88 3.92 3.56 3.36 3 3 3 3 3 3 3 3 3 3 3 3 3 3 3 3 3 3 3 3 3 3 2.68 2 2 2 2 2 2 2 2 2 1.28 1 1 1 1 1 1 1 1 0.68 0.56 1 3.16 4 4
2 1.72 1 1 1 1 1 1 1 1 1 1 1 1 1 1 1 1 1 1.92 2 2 2.16 3.68 2.04 2 2 2 2 2 2 2 2 2 2 2 2 2 2 2 2 4.68 6.92 6.6 7 7 6.88 7 7 6.68 5.96 4.28 2 2.76 3 3 3 3 3 3 2.6 2.52 3 3 3 3 3 3 3 3 3 2.96 2 2 2 2 2 2 2 2 1.96 1 1 1 1 1 1 1 1 1 0.92 0.56 1 2.92 4 3.88
2 1.12 1 1 1 1 1 1 1 1 1 1 1 1 1 1 1 1 1.16 2 2 2 2 2 2 2 2 2 2 2 2 2 2 2 2 1.56 1.76 2 2 1.92 1.56 6.32 6.28 4.88 6.96 5.2 3.48 4.44 5 6.68 1.92 0.16 0 0.12 2.72 3 3 3 3 3 3 3 3 3 3 3 3 3 3 3 3 2.96 2 2 2.24 2.48 2.64 2.76 2.56 1.84 1.2 1 1 1 1 1 1 1 1 1 1 1 1 1 2.4 1.32
2 1.56 1 1 1 1 1 1 1 1 1 1 1 1 1 1 1 1 1 1.76 2 2 2 2 2 2 2 2 2 1.36 1.96 2 2 2 2 1.48 1.8 2.76 2.76 3.44 0.08 1.52 1.52 0.56 5.56 3.16 1.12 1.52 0.04 0.08 0 0 0 0.08 2.76 3 3 3 3 3 3 3 3 3 3 3 3 3 3 3 3 3 2.84 2.92 3 3 3 3 3 2.64 1.04 1 1 1 1 1 1 1 1 1 1 1 1 1 1 1
2 2 1.24 1 1 1 1 1 1 1 1 1.16 1 1 1 1 1 1 1.72 2 2 2 2 2 2 2 2 2 0.16 0 0.6 2 2 2 3.16 5.4 5.84 7 7 7 1.4 0.08 1.24 0.24 5.64 5.8 1.48 2.72 3.24 0 0.8 1.84 0 2.88 3 3 3 3 3 3 3 3 3 3 3 3 3 3 3 3 3 3 3 3 3 3 3 3 3 2.88 1.04 1 1 1 1 1 1 1 1 1 1 1 1 1 1 1
2 2 1.52 1 1 1 1 1 1 1 1.52 4.16 2.2 1 1 1 1 1 2 2 2 2 2 2 2 2 2 2 0.76 0.76 1.68 2 2.2 3.72 6.64 7 7 7 7 7 5.2 6.48 7 6.76 7 7 7 7 6 1.52 3.84 6.2 11 6 3 3 3 3 3 3 3 2.56 3 3 3 3 3 3 3 3 3 3 3 3 3 3 4.36 3 2.76 2.4 1.04 1 1 1 1 1 1 1 1 1 1 1 1 1 1 1
2 2 1.92 1.04 1 1 1 1 1.36 1.04 4.44 5.96 5.72 5.56 4.72 2.28 1 1 1.92 2 2 2 2 2 2 2 2 2 2 2 2 2.04 5.16 7 7 7 7 7 7 7 7 7 7 7 7 7 7 7 7 7 7 11.08 3.92 0.56 4.2 1.08 1.04 0.8 0.84 1.56 2.64 0.04 1.08 2 2.6 2.92 4 3.04 3 3 3 3 3 6.08 10.36 26.44 32.4 5.04 1.88 1 1 1 1 1 1 1 1 1 1 1 1 1 1 1 1 1
2 2 2 1.32 1 1 1 0.88 1.48 0.16 0 3.36 6 6 6 5.92 2.96 1.6 2 2 2 2 2 2 2 2 2 2 2 2 2 3.4 7.08 7 7 7 7 7 7 7 7 7 5.52 5.92 7 7 7 7 7 7.52 11.24 5.64 0.72 8.68 3.68 0.56 0 0 0 2.16 9.64 7.32 7.44 5.96 5.8 2.52 8.56 12.84 4.68 3 3 3 6.36 14.24 15.6 42.64 43 41.96 16.92 0.92 1 1 1 1 1 1 1 1 1 1 1 1 1 1 1 1
1.92 1.88 1.88 1.24 0.48 0.24 0.2 0 0 0 0 0.32 1 1.68 2.16 2 3.76 2 2 2 2 2 2 2 2 2 2 2 2 14.16 23.72 31.04 34.2 25.48 7 7 7 7 7 7 6.4 5.88 1.52 1.52 6.64 7 7 7.8 7 10.12 5.8 1.84 8.76 11 11 10.44 1.28 0 0 0 6.04 11 11 13.32 15 15 15 15 13.24 7.68 7 7.48 14.48 15 11.52 7.2 21.16 43 36.4 1.44 0.48 0.4 0.68 0.84 1 1 1 1 1 1 1 1 1 1 1 1
0.04 0.24 0.2 0 0 0 0 0 0 0.72 0 0 0 0 0 0 1.08 2 2 2 2 2 2 2 2 2 2 2 2.16 35.88 38 38 38 38 11.04 7 7 7 7 6.72 4.32 6.32 5.88 2.52 6.4 7 7.28 13.92 6.44 2.24 1.52 10.8 11 11 11 11 8.56 0.16 0 0 2.2 10.52 11.68 15 15 15 15 15 15 15 15 15 15 15 9.28 0 1.36 39.44 43 37.56 16.96 1.48 0 0 0.28 1 1 1 1 1 1 1 1 1 1 1
0 0 0 0 0 0 0 0 0 3.28 0 0 0 0 0 0 0.28 1.84 2 2 2 2 2 2 2 2 2 2 2 15.04 30.36 38 38 38 26.84 6.88 7 7 7 6.2 6.32 6.92 7 4.88 5.96 7 7.84 15 7.12 0 2.36 14.52 13.64 13.04 12.36 11 11 5.32 0.32 2.76 7.52 11 11 13.92 15 15 15 15 15 15 15 15 15 15 15 9.4 0.64 17.72 43 43 43 41.8 32.76 29.6 18.24 0.96 1 1 1 1 1 1 1 1 1 1
0 0 0 0 0 0 0 0.48 0 4.48 0.84 0 0 1.76 0 0 0 0.84 2 2 2 2 2 2 2 2 2 2.16 11.96 23.6 36.24 38 38 32.36 14.28 7 7 7 7 7 7 7 7 6.64 7 7.12 9.52 15 14.16 0.12 2.12 15 15 15 14.12 11 11 10.2 0.92 10.96 11 11 11 11.8 15 15 15 15 15 15 15 15 15 15 15 15 9.6 9.04 24.12 40.48 43 43 43 43 16.44 1 1 1 1 1 1 1 1 1 1 1
0 0 0 0 0 0 0.6 1.6 2.68 3.84 3.48 0 0 5.32 0.4 0.04 1.08 0.76 2 2 2 2 2 2 2 2 1.64 13.6 29 29 29.32 36.2 38 28.6 5.08 7 7 7 7 7 7.28 13.32 15.36 10.24 7.08 9.44 15 15 15 2.4 0.48 13.88 15 15 13.04 11 11 7.4 6 11 11 11 11 11.4 14.96 15 15 15 15 15 15 15 15 15 15 15 25.04 36.08 40.4 43 43 43 43 43 16.96 1 1 1 1 1 1 1 1 1 1 1
0 0 0 0 0 0 1.32 3.72 3.64 6 2.2 1.16 2.16 4.24 4.76 2.88 2.64 1.88 2 2 2 2 2 2 2 3.16 20.24 26.56 29 29 29 33.28 30.24 29 27.76 14.16 7 7.04 7.2 8.08 14.16 17 17 17 15.48 14.36 15 15 11.44 2.16 1.72 10.72 15 15 15.04 14.28 11 9.24 8.6 11 11 11 11 12.04 15 15 15 15 15 15 15 15 15 15 15 18.84 41.8 43 43 43 43 43 43 43 18.12 2.6 2.36 2.04 2.56 1.08 1 1 1 1 1 1
0 0 0 0 0 0 0 0 0 4.2 4.08 4.04 0.16 2.32 6 5.08 1.76 2.12 2 2 2 2 2 2 2 13.4 29 29 29 29 12.48 32.4 38 36.76 38 36.32 10.12 30.68 35.24 21.08 17 17 17 17 15.84 15 15 9.96 1.52 8.92 8.52 10.92 15 15 15.56 20 15.32 10.68 10.52 11 11 11 11 11.04 14.56 15 15 15 15 15 15 15 15 15 15 25.24 43 43 43 43 43 43 43 43 21.16 6 6 6 6 18.72 28.48 25.48 1 1 1 1
0 0 0 0 0 0 0 0 0 1.2 6 1.92 1.8 1.2 5.84 1.4 0.16 1.96 2 2 2 2 2 2 3.68 26.76 29 29 29 29 18.08 32.68 38 38 38 38 35.84 38 38 35.96 18.8 17 17 17 16.08 15 15 15 7.28 14.12 14.76 14.6 15 15 16.48 20 17.92 11 11 11 11 11 11 11 12.92 15 15 15 15 15 15 15 15 15 15.28 37.56 43 43 43 43 43 43 43 32.12 8.84 6 6 6 12.2 47.04 45.68 38.72 1 1 1 1
0.04 0 0.68 17.96 5.44 3.8 2.64 1.44 0.68 1.76 5.96 6 2.44 4.88 6 3.88 0.32 2 2 2 2 2 2 2.12 21.96 29 29 29 29 29 28.88 30.64 35.2 37.88 38 38 38 38 38 38 53.64 171.68 23.56 17 16.88 15.24 15 15 15 15 15 15 15 15.08 18.68 20 16.68 11 11 11 11 11 11 11 11.36 14.92 15 15 15 15 15 26.52 64.68 15 26.08 43 43 43 43 43 43 43 43 16.04 6.6 6 6 8 42.76 49 43 17.04 11.16 1.24 1 1
8.12 22.48 13.72 30 23.96 11.32 6 6 6 6 6 6 6 6 5.88 3.2 1.8 2 2 2 2 3 9.04 9.76 16.56 20.48 27.84 29 29 29 29 29 29 31.68 38 38 38 38 38 38 112.12 341.72 52.12 16.96 16.2 15.52 15 15 15 15 15 15 15 17.28 20 20 17.64 11 11 11 11 11 11 11 11 13.32 15 15 15 15 15 15 15 16.48 41.24 43 43 43 43 43 43 43 43 29.04 19.4 16.12 23.6 26.08 46.12 49 49 23.92 15.24 8.48 3.4 1.88
49.04 35.72 16.8 30 30 29.32 16.32 10.36 6 6 6 6 6.92 6 6 5.08 2 2 2 2 2.08 9.56 11 11 11 11 18.48 29 29 29 29 29 29 30.88 38 38 38 38 38 38 33.8 18.28 17 15.72 15 15 15 15 15 15 15 15 15 17.8 20 20 19.8 12 11 11 11 53.2 21.36 11 11 11.12 14.52 15 15 15 15 15 15 15.16 41.4 43 43 43 43 43 43 43 43 34.52 23.68 26.84 27.4 26.92 20.92 23.32 36.04 16.8 6.84 16.2 17 14.24
61 51.36 16.84 28.44 33.64 42.72 30 27.84 24.12 11.48 22.08 24 25.4 23.28 19.64 3.48 2 2 2 2 4.12 11 11 11 11 11 11.56 27.24 29 29 29 29 29 30.08 37.76 98.48 170.36 38.56 38 38 38 29.56 15.48 15 15 15 15 57 28.04 15 15 15.04 16.44 19 20 20 92.64 16.56 11 11 11 17.08 11.4 11 11 11 14.16 15 15 15 15 15 15 15 39.6 43 43 43 43 43 43 43 43 42.28 31.24 27.28 15.84 7.6 6 6 6 6 6 11.28 17 15.16
61 61 61 65.8 74.52 77.84 36.28 30 30 30 30 30 30 30 30 13.08 2 2 2 2 8.32 11 11 11 11 11 11 19.12 29 29 29 29 29 29 151.4 398 398 312.16 52.36 37.56 29.16 16.48 15 15 15 15 15 57 28 15 15 18.32 20 20 20 20 20 17.76 11 11 11 11 11 11 11 11 14.52 15 15 15 15 15 15 15.56 42.12 43 43 43 43 43 43 43 43 43 42.32 29.28 11.04 6 6 6 6 6 15.84 10.4 10.6 10.04
61 61 61 62 82.24 83 63.08 30 30 30 30 30 30 30 33.6 38.44 2 2 2 2.4 10.28 11 11 11 11 11 11 11.92 27.88 29 158.92 37.32 29 29 47.84 136.08 338.24 94.48 38 27.84 15 15 15 15 15 15 15 15 15 15 15 17.48 20 20 20 20 20 19.96 15.96 11.44 11 11 11 11 11 11 14.6 15 15 15 15 15 15 24.6 43 43 43 43 43 43 43 43 43 43 43 43 42.12 14.84 13.56 23.68 31.08 34.08 43 24.16 10 10
61 61 61 62.2 80.52 83 80.04 30.76 62.24 141.24 137.08 133.6 131.6 229.32 251.04 206.12 3.48 2 2 4.44 11 11 11 11 11 11 11 15.32 20.56 29 29.08 29 29 29 32.68 38 51.88 38 32.88 16.36 15 15 15 15 15 15 15 15 15 15 15 15.8 19.92 20 20 20 20 20 20 19.12 13.52 11 11 11 11 11 13.36 15 15 15 15 15 15.44 40.04 43 43 43 43 43 43 43 43 43 43 43 43 43 43 43 43 43 43 43 41.6 14.64 10
61 61 61 61 75.6 83 83 64.32 206.8 258 291.56 334.28 268 258 258 258 163 37.12 2 2.84 10.56 11 11 11 11 11 11 55.08 12.8 28.52 29 29 29 29 31.88 38 37.36 26.04 15.64 15 15 15 15 15 15 15 15 15 15 15 15 15 17.96 20 20 20 20 20 20 20 19.68 13.48 11.36 11 11 11 11 12.2 14.92 15 15 15 15 40.88 58.76 56.92 54.32 49.64 43.56 43 43 43 43.08 43 43 43 43 43 43 43 43 43 43 43 35.72 10.16
61 61 61 61.04 80.2 83 83 101.44 239.88 258 317.56 333.76 266.32 228.88 231.36 227.56 226.64 199.6 41.64 3.04 7.08 11 11 11 11 11 11 11 11.08 26.84 29 29 29 29.4 36.52 38 30.68 15 15 15 15 15 15 15 15 15 15 15 15 15 15 15 15.56 19.96 20 20 20 20 20 20 21.08 23.92 18.36 11 11 11 11.76 13.52 16.84 36.84 18.24 15 15 44.16 60 60 60 60 57.68 45.4 43 76.44 138.84 43 43 43 43 43 43 43 43 43 43 43 43 15.28
68.6 72.96 71.12 67.4 83 83 83 151.8 255.2 258 200.8 202.92 160.72 126 108.84 77.56 72 72 134.76 118.64 53.2 11 11 11 11 11 11 11 11.88 28.84 29 29 29 32 28 33.92 37.52 25.6 18.12 19.24 17.12 15 15 15 15 15 15 15 15 15 15 15 16.04 20 20 20 20 20 20 21.6 23.88 24 23.6 18.88 20.28 19.24 49.12 59.92 59.72 60 47.64 33.72 45.36 74.6 60 60 60 60 60 56.28 43 43 43 43 43 43 43 43 43 43 43 43 43 43 37.56 18.84
96.52 98.2 97 91.48 138.24 156.08 127.44 207.2 235.16 212.36 128.24 126 125.84 119.64 80.68 72 84.8 99.12 120.24 137 125.68 11 11 11 11 11 11 11 11 24.24 29 29 24.44 4.56 1.04 30.88 37.96 37.2 36.08 36 35.8 27.64 15.52 15 15 15 15 15 15 15 15 15 16.6 20 20 20 20 20.32 23.08 28.8 53.6 24 24 24 24 24 33 59.92 60 60 60 60 60 75.04 60 60 60 60 59.88 51.88 43 43 43 43 43 43 43 43 43 43 43 43 43 43 15.96 9.12
98.84 98.84 98.88 98.84 182.96 220 220 220 219.76 218.44 108.2 105.76 105.52 72 72 74.8 136.64 137 137 137 136.64 21.04 11 11 11 11 11 11 11 17.88 26.48 13.6 2.16 1 5.32 38 36.48 36 36 36 36 36 28.12 15.04 15 15 19.68 38.08 15.16 15 15 15 15.96 20 20 20 20 20.24 23.52 24 24 24 24 24 24 24 24 41.4 60 60 60 60 60 60 60 60 60 55.08 46.28 43 43 43 43 43 43 43 43 43 43 43 43 43 43 36.48 9 9
96.4 98.28 98.8 115.44 210.4 220 220 218.88 151.88 61 74.04 220.16 249.24 156.16 84.56 95.08 134.72 137 137 137 137 100.72 61.48 45.4 11.88 11 11 11 11 9.12 2.12 1 1 1 1 7.04 29.36 36 36 36 36 36 36 26.92 15.76 15 55.8 151.4 138.8 143.08 109.84 73.24 75.64 20 20 20 21.4 22.32 23.8 24 24 24 24 24 24 24 24 24 49.64 60 60 60 60 60 60 60 55.52 43 43 43 43 43 43 43 43 43 43 43 43 43 43 43.84 44.2 19 9 9
67.04 64.72 62.12 70.32 192.08 227.64 220.24 220.64 207.48 81.44 133.28 259 259 180.44 94.4 94.2 96.08 130.32 137 137 137 137 137 137 116.92 27.28 11 56.56 12.08 2.88 1 1 1 1 1 1 14.36 34.2 36 36 36 36 36 36 35.52 31.8 71.6 152 152 152 152 148.8 88.48 21.44 20 20.64 24 24 24 24 24 24 24 24 24 24 24 24 46.24 60 60 60 60 60 60 59.64 53.92 43.04 43 43 43 43 43 43 43 43 43 43 43 43.44 43.64 44.92 45 17.32 9 9
61 61 856.28 1190 257.6 290 192.72 558.36 554.16 166.4 258.72 259 200.52 111.36 94.64 94.52 94.52 109.32 137 137 137 137 137 137 137 87.92 31.76 125.08 37.04 1.16 1 1 1 1 25.4 1 1 13.04 32.08 36 36 36 36 36 36 36 83.48 152 152 152 152 114.6 92 74.04 34.36 21.36 24 29.88 27.84 24 24 24 24 24 24 24 24 24 40.16 60 60 60 60 60 60 76.88 105 89.4 77.28 45.76 43 43 43 43 43 43 43 43 44.68 45 45 45 45 32.64 10.4 9
212.92 207.88 1090 1044.04 254.24 290 150.76 247.64 107.36 61.04 210.92 221.52 95 95 95 95 95 102.16 137 137 137 137 137 137 137 134.8 115.56 137 100.68 1 1 1 1 1 1 1 1 1 1.6 25.8 36 36 36 36 36 36 125.84 160.72 152 152 146.32 93.4 92 92 89.24 35.04 40.76 91.36 90.8 49.56 24 24 24 24 24 24 24 24 27.68 59.92 60 60 60 60 68.96 101 105 105 108.92 65.24 43 43 43 43.4 43.6 43.72 44 44.4 45 45 45 45 45 45 33.44 8.96
443.12 444 444 374.88 290 290 130.6 61 61 61 61.88 98.84 95 95 97.16 222.28 133.2 113.92 141.08 137.84 137 137 137 137 137 137 137 136.96 25.44 1 1 1 1 1 1 1 1 1 1 5.24 35.68 36 36 36 36 36 91.68 152 152 152 121.64 92 92 92 92 86.96 87.52 92 92 79.12 24 24 24 24 24 24 24 24 24 54.4 60 60 77.8 93 104.8 105 105 99.64 47.8 43.48 43 43.32 44.56 45 45 45 45 45 45 45 45 45 45 45 43.92 9.4
446.2 444 444 284.76 246.88 192.8 101.2 61 61 61 61 101.8 204.72 97.76 193.08 430.16 403.16 145.32 143 140.28 139.36 137.36 137.16 137.32 137.16 137.16 137.32 137.16 72.24 1 1 1 1 1 1 1 1 1 1 1 38 110.12 129.4 134.72 100.92 56 129.76 152 152 145.2 95.68 92 92 92 92 92 92 92 92 80.08 24 24 24 24 24 24 24 24 24 46.92 60 74.96 105 105 105 105 105 72 45 44.84 44.16 44.96 45 45 45 45 45 45 45 45 45 45 45 45 45 23.08
456.2 465.48 475.64 745.16 143.4 68 67.6 61.88 61.2 63.12 137.64 274.64 424.28 431.2 451 442.48 257.48 143 143 143 143 141.92 138.8 137.76 137.2 137.2 137.4 137.2 165.72 313.32 190.6 1 1 1 1 1 1 1 1 3.72 82.36 152 152 152 152 152 152 152 137.8 95 92 92 116.2 175.4 133.52 99.12 92 91.72 57.36 32.04 24 24 24 24 24 24 24 24 24 28.08 47.44 96.44 105 102.8 94.28 105 84.96 45.36 45 45 45 45 45 45 45 45 45 45 45 45 94.28 214.92 45 45 46.92 103.56
236.92 470 342.24 726.84 140.48 68 67.4 61.64 190.32 371.84 433.36 433.52 433.36 438.6 473.12 442.44 160.4 143 143 143 143 143 197.52 142.8 137.36 137.36 137.52 167.32 346.32 1314.88 607.72 19.44 1 1 1 1 1 1 1 85.4 152 152 152 146.92 113.64 122.24 151.6 133.72 97.08 101.52 123.92 178.72 235.2 229.24 158.2 154.6 452.68 239.64 30.76 24 24 24 24 24 24 24 24 24 24 24 27.2 45.12 49.56 45.48 48.88 76.6 46.12 45 66.64 87.92 45 57 85.52 45 45 45 45 50.4 121.44 147.56 270.92 585.52 279.72 144.36 204.2 282.32
159.04 475.96 188.36 122.08 540.08 337.24 68.44 320.44 168.64 126.68 428.28 434 434 434 432.32 431 206.52 143 143 143 143 143.08 387.76 272.96 296.16 306.56 333.6 474.56 501.2 708.4 433.12 196.72 111.2 130.4 35.64 1 1 3.8 22.08 107.04 108 112.16 107.04 121.36 103 92.52 95.64 92 92 129.08 185.8 258 258 246.68 158.2 158.2 158.4 140.88 106.08 83.84 60.32 39.72 52 64.32 66.96 74.88 76.6 43.92 43.64 38.32 125.4 159.08 179.12 217.32 202.96 177.2 93.48 58.12 200.84 452.16 338.68 315.12 470.48 314.8 206.48 142.56 122.52 182.84 195 195 407.32 599.2 439.88 282.2 282.2 282.4
230.4 326.12 263.12 342.56 864.44 860.24 962.84 1309.68 1011.72 60.12 128.76 409.36 434 434 432.48 444.6 342.52 143 143 143 143 163.68 431.8 432.32 432.16 432.16 453.24 501.36 501.36 315.88 251 251 251 251 248.24 208.24 68.8 91.72 91.64 92 92 92 92 92 92 92 92 104.32 120.48 131.08 159.44 258 258 257.88 162.48 158.52 158.64 156.44 138.68 136.92 126.12 116.88 109.16 108.6 109.4 110.4 81.64 134.88 176.32 241.08 262 262 256.92 230.04 230 235.84 266 266 266 274.12 620.48 649.2 649.2 633.96 519.8 337.48 198.76 195 195 195 571.2 599.68 538.72 282.36 282.36 282.52
367 335.56 335.08 1122.12 1137.72 860.4 953.48 1284.72 1310.24 510.52 59.64 244.84 434 434 432.92 452.6 481.44 166 143 143 143 270.04 432.2 432.4 432.2 432.2 471.68 502 507.36 377.92 263.8 251 251 251 250.92 209.6 167.64 184.12 159.6 102.84 110.12 189.16 170.88 177.24 194.6 206.24 226.04 244.56 234.36 144.44 167.56 258 258 258 172.36 159 159 152.92 139 139 139 128.84 113 113 113 113 77.96 146.52 184.08 234.2 262 262 240 230.12 230.24 241.52 266 266 266 266 549.4 649.2 649.2 643.52 531.72 363.8 218 195 198.92 322.44 593.16 600 570.24 284.28 283 283
353.76 335 336.24 903.04 1365.2 1076.6 1092.16 1266.64 950.64 110.88 61 140.6 408.28 434.12 434.24 459 487 386.64 506.16 356.56 148.84 520.68 445.6 432.76 432.68 432.68 487.36 502 471.48 284.44 251 251 251 251 244.68 234.12 234 234 234 234 234 240.4 245 245 245 245 245 245 245 180.96 163 254.24 258 241.52 162.36 159 159 152.8 139 139 139 136.56 117.48 113 113 107.96 89.92 129.16 184 208.28 262 262 253.04 230.2 230.48 250.44 266 266 266 266 354.4 624.32 649.96 542.16 517.16 332.84 244.92 228.76 436.56 602.6 669.68 599.76 581.12 368.8 283.64 283
416.88 400.88 396.92 454.72 521.36 507.72 1024.48 651 61 61 106.8 368.6 355.16 423.48 434.48 475.88 487 1221.2 1381.52 1291.16 918.8 754.24 670.44 693.52 511.68 478.64 499.88 495.6 454.08 251 251 251 251 251 251 245 233.92 234.16 234.32 234.16 234.16 238.4 245 245 245 245 245 245 228.96 139.2 134 220.56 258 201.64 159 159 159 158.08 140.36 139 139 139 127.52 113 113 87.4 142.6 170.96 184 190.2 259.32 262 252.56 230.2 237.56 266 266 266 267.16 266.04 266 517 580.88 518.4 401.32 235.2 258.4 302.76 313.76 465.64 657.48 424.32 471.84 471 454.6 435.04
483.56 484 439.48 418.52 418.52 416.92 276.8 61 61 61 110.16 416.68 416.52 314.68 370.36 487.04 523.56 859.04 1382.2 1382.2 1425.04 1006.8 722.72 719.24 718.44 711 249.28 220.04 212.6 249.52 251 251 251 251 251 239.92 211.2 230.48 234.4 234.2 234.2 241.08 245 245 245 245 245 245 173.4 134 158.96 247.32 258.2 306.76 428.28 278.16 179.68 159 149.68 139 139 137.56 116.88 113.08 106.8 97.52 184 160.24 184 219.6 262.12 263.88 268.84 233.2 276.84 381.08 285.6 289.12 342.8 325.04 266 397.84 518.2 518.4 399.16 235.52 241.04 295.32 303 303 303.32 406.8 471 471 459.88 466.8
484.12 481.88 433.84 419 419 410.72 340.56 94.48 62.96 61 194.92 417 511.92 854.8 524.36 572.12 633 522.48 862.28 1352.88 1421.28 1415.44 921.8 719.4 719.32 681.92 213.04 210 210 236.56 250.72 251 266.64 403.28 279.44 220.52 210 229.2 234.64 234.52 234.52 242.32 245 245 245 245 245 212.72 134.72 134 134.6 230.84 258.2 508.56 906.2 906.2 812.2 806.44 656.44 165.52 139 127.88 113.4 84.12 89.52 95.12 182.16 143.56 184 208.44 262.2 273.24 434.6 418.16 434.4 456.64 442.48 375.28 416.72 349.48 351.76 718.6 777.92 552.28 451.52 236 236 266.12 303 303 334.84 465.84 471 435.76 373.92 421.32
