eomf-prod/eomf/data/ecohealth/hpdn.asc
ncols         992
nrows         717
xllcorner     68.144226
yllcorner     5.633471
cellsize      0.041667
NODATA_value  -9999
[rows 129 to 171 of 717, columns 864 to 959 of 992]
362 362 362 362 362 362 371.48 370.96 365.96 366 451.44 2385.88 1890.16 450.96 366 366 366 366 366 366 366 366.76 368.2 368.4 368.2 368.2 324.08 514.32 393.84 300 300 300 300 300 310.96 364.96 406.04 406.04 406.08 406.04 406.04 406.08 406.04 387.08 336.84 308.36 377 377 377 377 364.04 278.52 368.24 377 377 343.8 306.16 341.12 377 372.84 274 253.12 277 277 277 332.92 417.76 277 196.72 245.84 323.64 447.64 482.16 482.16 482.32 447.52 421.2 421.4 421.2 421.2 421.4 380.52 215.44 202.4 202.2 202.2 202.4 202.2 212.12 158.84 254.56 343.04 330.2 340.8 177.08 119
362 362 362 362 362 362 362 362.72 366.04 366.08 366.08 365.64 299.72 366.08 366.16 366.08 366.08 366.16 366.08 366.08 365 356.76 352.56 336.48 317.6 309.88 300 300 300 300 300 300 300 300 300 301.28 332.4 405.96 406.4 406.2 406.2 407.4 433.56 428.84 331.08 361.56 377 377 377 377 377 358.4 339.32 320.68 304.84 343.64 377 377 375.92 223.28 149 174.76 276.96 277 276.44 277 280.08 335.76 234 309.32 432.16 482.4 482.2 407.08 481.08 412.72 422.24 421.64 415.56 394 420.6 251.96 202.52 202.64 202.52 202.52 202.64 202.52 185.04 142.2 202.52 258.48 229.76 142.72 119 119
1514.48 436.04 362.32 362.16 362.16 362.32 362.16 366.48 374.96 371.24 366.2 366.4 331.28 349.44 366.4 366.2 366.2 366.4 366.2 369.12 324.96 300.08 300.08 300.16 300.08 300.08 300.16 651.6 526.52 300.16 837.56 836.52 302.96 423.64 300.28 300.16 300.08 487.6 424.28 406.2 406.2 429.88 441 441 403.96 344.04 377.48 358.4 320.08 297.12 2665.08 3009.44 256.4 299.6 377 377 377 377 287.72 149 149 149 164.52 178.44 153.84 329.72 468.52 377.92 431.52 479.92 482.68 482.76 482.68 428.52 361.76 373.52 425.96 352.96 340.48 408 279.6 203 203 203 203 203 203 203 169.28 178.2 203 203 172.44 119 119 119
1273.2 430.52 362.4 362.2 362.2 362.4 362.2 386.48 494.76 491.12 426.88 373.88 389.84 379.28 366.4 366.2 366.2 366.4 378.8 487.12 425.16 326.92 361.92 699.68 303.92 300.2 300.4 386.56 346.6 300.4 365.76 365.04 338.56 689.56 317.84 345.48 300.92 722.64 495.12 407 407 409.76 426.56 441 441 400.96 408.08 380.24 377.12 489.96 4045 3550.6 290.8 339.08 377.12 377.12 377.24 346 158.24 149 149 149 149 149 149 305.8 340.16 367.4 483 483 483 483 483 483 366.52 246.12 398 277.12 432.12 305.72 233.08 216.36 203 203 203 203 203 199.88 133.2 203 203 203 161.84 119.12 119.12 119.24
362.68 362.68 362.76 362.68 362.68 362.76 362.68 373.08 483.84 528.88 574.92 463.12 495 495 402.92 367 367 367 423.8 495 495 456.44 311.04 439.56 300.96 300.68 302.72 576.6 590.44 926.88 585.96 300.68 300.76 300.68 547.28 1282.72 559.84 328.68 407 407 407 407 407.16 435.28 441.32 441.16 441.16 414.48 397.64 408.2 384.16 377.2 350.12 312.16 377.2 370.72 321.92 189.12 149.16 149.32 149.16 149.16 149.32 149.16 149.16 149.32 149.16 219.56 482 483 483 483 483 483 387.4 193.96 366.64 438.16 318.4 297 297 296.68 248.04 203 203 203 176.08 140.04 197.28 203 203 203 197.88 128.6 119.2 119.4
363 363 363 363 363 363 363 363 450.68 819.64 1095.64 495 495 495 482.56 388.88 411.8 452 492.76 495 495 495 453.08 1164.6 646.32 327.84 882.08 487.32 434.16 357.76 312.8 301 301 301 312.28 512.48 313.4 303.16 402.16 407 410.84 420.08 408.12 438.68 441.4 441.2 441.2 441.4 441.2 441.2 430.04 420.16 223.8 146.36 206.44 297.72 164.08 149.2 149.2 149.4 149.2 149.2 149.4 149.2 149.2 149.4 149.2 394.16 483.32 483.16 483.16 483.32 483.16 483.16 336.4 447.8 475.52 324.28 297 236.44 193.88 287.52 291.32 204.4 203 192.96 121.52 203 203 203 203 203 203 180.92 120.28 119.64
363 363 363 363 363 363 363 363 461.36 495.2 498.6 495.4 495.2 495.2 495.4 454 495.2 495.4 495.2 495.2 495.4 495.2 581.4 726.72 332.72 309.84 443.52 301.8 301 301 301 301 301 301 301.2 338.56 388.76 383 402.6 410.04 437.48 441.76 439.16 441.68 441.76 441.68 441.68 441.76 441.68 441.68 447.48 500 292.12 149.76 124.64 144.16 149.76 149.68 149.68 149.76 149.68 149.68 149.76 149.68 149.68 149.76 211.56 482.36 483.4 483.2 483.2 483.4 483.2 475.12 430.16 445.52 353.76 297 297 178.76 268.16 218.96 250.32 195.84 174.8 155.72 202.32 203 203 203 203 203 203 203 156.64 147.28
363 363 363 363 363 363 363 360.12 552.92 901.2 521.88 495.4 495.2 495.2 495.4 495.2 566.92 589.96 495.2 495.2 527.8 911.16 1202.52 1149.76 368.68 408.8 728.48 356.68 342 340.32 303.16 301 301 301 376.2 471.76 471.68 455.96 407.84 433.6 442 443 443.08 442 442 442 442 442 442 443.16 486.88 503.2 485.32 153.28 150 135.28 144.32 150 150 150 150 150 150 150 150 150 329.36 483.68 483.76 378.64 369.92 483.76 474.08 355.44 297 297 297 297 297 245.04 275.04 297 297 251.4 203 203 203 203 203 203 203 203 203 203 203 203
363.04 389.04 441.72 363.04 363.04 363.08 363.04 293.84 247.72 493.56 415.96 373.48 494.88 495.84 495.88 495.84 907.88 978.32 496.72 495.84 549.28 1024.76 951.72 553.52 369 369 369 369 369 369 313.16 301 301 301 445.52 472 472 470.72 469.12 470.2 454.72 461.24 471.28 467.2 452.72 442.4 442 442 450.24 486.4 503.4 503.2 352.32 150 150 150 123.28 146.96 150 150 150 150 150 150 150 150 187.72 271 386.24 419.08 377.4 354.84 310.28 297 297 297 297 297 228.6 278.76 297 297 297 292.24 203 203 203 203 203 203 203 203 203 203 203 203
356 680.12 973.96 350.64 319.96 258.44 223 215.8 205 205 205 207.88 307.8 487.72 496 496 540.12 584.2 518 496 455.12 404.24 369.76 369 369 369 369 369 369 369 322.32 305.48 354.32 389.52 470.4 472 472 472 472 472 472 472 472 472 472 452.88 442.08 442.16 479.76 503.84 503.88 455.28 159.32 150 150 150 144.16 123.68 150 150 150 150 150 150 150 150 148.48 100.48 299.2 337.4 283.96 211.8 281.8 297.2 297.4 244.28 258.28 228 220.56 297.2 297.4 297.2 297.2 290.32 203 203 203 203 203 203 203 203 203 203 203 203
342 352.96 363.52 295.44 219.56 208.72 234.24 256.68 765.6 349.8 241.84 978.92 505.68 410.8 496.16 496.08 496.08 496.16 496.08 494.76 409.88 369 369 369 369 369 369 369 369 377.32 393.72 365.6 471.24 472.12 472.12 472.24 472.12 472.12 472.24 472.12 472.12 472.24 472.12 472.12 463.72 442.68 442.2 442.64 496.96 504 504 342.64 150 150 165.76 233.44 135.4 150 150 150 150 150 150 150 150 149.72 98.56 142.72 237.96 297.2 297.2 297.36 183.56 194.28 235.12 287.64 297.2 285 267.56 297.2 297.4 297.2 297.2 291.88 237.8 204.4 203 203 203 198.16 202.68 203 203 203 203 203
342.12 342.12 329.04 214.84 205 206.24 756.52 337.52 749.72 344.56 205 603.6 1086.4 582.04 497.4 496.2 496.2 496.4 496.2 413.84 377.96 610.8 949.76 489.56 369.08 369.08 369.16 369.08 369.08 386.08 441.92 442.2 458.96 472.2 472.2 472.4 472.2 472.2 472.4 472.2 472.2 472.4 472.2 461.12 442.92 442.36 442.36 459.84 504.08 504.08 504.16 271.08 150 150.36 3355.48 4273.88 4547.64 3767.6 3966.2 3370.56 1572.08 150 150 150 150 122.84 140.36 150.32 279.44 297.84 297.84 297.88 297.84 296.44 297.88 297.84 297.84 267.32 297.84 297.84 297.88 297.84 297.84 297.88 297.84 229.4 203.24 203.12 192.08 107.56 112.64 187.36 197.8 202.84 203.12 202.4
308.4 292.6 287.4 267.52 210.56 222.68 262.32 249.76 229.08 205.16 205.16 205.44 975.08 977.72 398.4 443.68 496.2 487.68 398.04 369.2 1488.08 2782.2 3046.84 1938.28 369.2 369.2 369.4 373.48 416.72 433.24 442.36 442.36 446.84 468.48 472.44 472.64 472.52 472.52 472.64 472.52 472.52 472.64 463.56 443.44 443 443 443 485.68 504.2 504.2 470.56 159.8 150 549.52 5121.96 4267.2 5122.92 5121.96 4154.56 3690.4 4576.88 557.44 109.4 115.08 121.04 94.12 150 177.4 298 298 298 298 298 298 298 298 298 277.56 261.16 287.04 298 298 298 298 287 161.8 171.24 198.32 168.68 104 104 134.68 104.4 112.52 150.56 168.36
311.96 287.68 287.76 287.68 282.92 284.28 287.68 287.68 233.6 205.2 205.2 243.8 1088.96 605 205.4 209.12 259.28 354.92 369.52 481.64 2396.64 2995.76 2598.64 2040.12 369.52 369.52 369.64 395.6 443 443 443 443 443 443 450.52 473 466.08 351.68 454.32 473 473 437 421.84 442.52 443 443 440.64 502.36 504.52 504.52 419.96 150 150 1369.44 5124.32 4734.48 4466 3859.48 3497.08 5125.24 3678.8 462.68 140.24 150 123.76 137.72 150 208.44 298 298 298 298 298 298 298 298 298 298 298 274.32 281.48 298 298 294.92 159.12 104.12 104.24 145.84 143.04 104.24 104.12 104.12 104.24 104.12 111.32 114
297.48 313.04 710.44 380.2 328.88 542.88 294.36 288 279.24 349.56 491.96 351.48 1046.44 461.24 205.76 271.32 1058.64 518.52 370 594.28 2486 2318.92 1933.44 1570.2 370 370 351.12 348.12 441.28 443 443 443 443 443 449.76 472.16 473 466.4 473 473 407.64 313.24 309.2 309.8 335.6 340.96 371 505 505 505 424.08 150 150 3137.84 5126.12 5126.12 5127.04 3866.4 5126.12 5127.04 2529.24 150 150 150 150 150 150 241.52 298 298 298 298 298 298 298 298 271.72 167.76 213.36 258.8 279 298 298 220.48 104.2 104.2 104.4 104.2 104.2 104.4 104.2 104.2 104.4 109.52 114 114
306.08 312.6 710.04 380.96 685.12 1330 485.04 288 288 994 1376.24 277.56 276.56 206 206 206 344.68 417.2 370 370 360.84 331.24 356.04 515.36 543.64 358.32 530.88 840.04 443.48 443 443 443 443 443 443 443.52 458.32 473.08 473.16 470.36 326.48 309.64 309.52 309.52 309.64 309.52 400.84 505 505 505 456.72 150.64 150 1729.24 5128.16 5128.16 4518 4165.88 5128.16 4307.8 730.96 150 150 150 150 150 150 160.48 223.2 296.76 298 298 298 298 298 277.08 133.32 104.52 104.36 101.48 159.88 298 268 149.4 104.36 104.36 104.52 104.36 104.36 104.52 104.36 104.36 105.16 114 114 114
288 288 288 288 288.2 342.68 288 288 288 308.52 336.88 252.04 215.72 206 432.72 950.24 612.76 590.64 491.68 463 429.8 640.12 636.32 783.36 862.96 315.36 446.04 713.72 350.4 388.68 439.52 443.2 443.4 443.2 443.2 443.4 443.2 445.04 467.92 416.92 310 310 310 310 310 310 427.96 505.24 505.12 505.12 395.64 201.04 160.96 342 3705.4 5130.72 4274.76 5126.04 5122.68 1328.6 150 150 150 150 150 150 149.92 135.96 135 257.24 298 298 297.56 298 257.6 133.92 105 105 105 105 104.72 224.88 122.24 105 105 105 105 105 105 105 105 105 108.08 114.12 114.12 114.24
285.92 288 288 288 288 288 422.44 298.12 288 288 288 288 374.6 870.04 2334.76 2511.28 2357.48 662.32 594.2 592.56 841.88 706.08 668.8 1152.32 390.68 315.2 315.4 392.88 1026.24 443.2 326.96 442.4 443.4 443.2 443.2 443.4 443.2 442.88 419.96 331.92 310 1287.44 1974.24 866.24 310 310 461.2 505.4 505.2 505.2 288.96 196.56 158.96 150 358.2 3600.04 4284.56 4261.72 1911.08 150 150 150 150 150 150 150 145.8 135 135 200.76 298.08 264.44 156.6 152.84 107.8 105 105 105 105 105 105 94.12 96.16 93.52 94.96 105 105 105 105 105 105 105 112.08 114.2 114.2 114.4
266.32 288 288 288 288 289.84 668.12 348.36 288 288 288 308.16 1332.84 2512.28 2512.76 2512.28 2195.92 459.28 505 568.52 709.52 646.88 427.4 627.16 320.32 315.52 981.8 3338.68 1571.08 315.8 353.96 443.68 443.76 443.68 443.68 443.76 396.36 327.4 310 310 446.96 3450.96 3723.04 1532.4 310 322.28 502.88 505.52 505.36 445.36 211 150.92 150 147.96 3039.96 3100.84 1905.68 1314.2 150 150 150 150 150 150 150 150 143.88 135 135 135 152.6 135.32 135 135 132.24 121.2 114.2 108.12 105 105 105 105 105 105 102.2 95.16 105 105 105 105 104.88 102.28 112.72 114.36 114.36 114.52
288.12 288.12 288.24 288.12 288.12 288.24 288.12 288.12 288.24 288.12 288.12 294.64 664.8 1500.76 2191.52 1807.32 1196.4 505.88 437.2 437.32 384.24 924.76 528.4 497.6 623.6 316 699.08 1731.04 577.88 312.16 269.6 264.48 435.24 444.48 597.2 444.04 311.84 310 310 310 310 1244.96 1511.88 441.04 310 290.48 351.64 497.64 391.8 437.56 2094.88 3169.24 4178.8 1594.48 3143.24 592.92 160.6 150 150 150 150 150 150 150 150 150 145.08 135 135 135 135 135 135 135 135 135 135 132.92 105 105 105 105 105 105 105 104.24 96.44 94.72 98.76 105 95.2 104.72 111.44 115 115 115
287.52 288.2 257.36 248.76 288.2 288.4 288.2 288.2 356.08 289.36 288.2 385.2 595.04 595.04 595.08 595.04 595.04 564.52 465.96 437.52 377.92 538.52 541.2 754.84 956.84 497.04 450.84 1107.16 2209.64 287 475.92 108 123.88 301.12 732.24 262.88 276.56 259.68 310 310 310 310 310 310 310 245.16 215 218.04 215 1390.4 3769.84 3902 2315 989.52 593 215 177.48 150.16 150.16 150.32 150.16 150.16 150.32 150.16 150.16 150.32 148.08 135.04 135 135 135 135 135 135 135 135 135 134.84 111.12 105 105 105 105 105 105 105 105 105 96.52 97.76 100.44 105 111.68 115 115 115
258.12 209.56 227.84 150.16 176.48 147.44 151.52 265.44 940.12 422.84 288.36 460 595.2 595.2 595.4 595.2 595.2 595.4 574.48 440.36 381.52 436.72 713.8 897 780.32 970.52 820.32 372.84 241.56 399.8 677.8 108 108 321.92 755.12 123.84 108 195.48 310.32 310.16 310.16 310.32 310.16 310.16 293 215.84 215.2 215.4 177.84 157.76 1061 404.08 215.2 215.4 215.2 215.2 208.36 167.92 150.2 150.4 150.2 150.2 150.4 150.2 150.2 150.4 150.2 141.04 135 135 135 135 135 135 135 135 135 135 113.04 105 105 104.8 104.92 105 105 105 105 105 105 99.72 105 105.8 113.8 115 115 115
225.4 152.08 141 141 141 141 141 141.52 253.44 289 225.48 174.04 605.76 1123.4 609.28 595.36 595.36 595.52 588.6 451.56 353.56 438 438 610.08 632.28 795.44 420.92 126.92 112.44 413.48 168.6 108 108 344.8 725.52 127.28 151.12 194.16 310.4 310.2 310.2 310.4 310.2 305.68 239.48 215.2 215.2 203.6 164.64 215.2 215.4 215.2 215.2 215.4 215.2 215.2 215.4 198.44 150.68 150.76 179.84 216.88 188.88 189.36 150.68 150.76 145.32 137.92 135 135 135 135 135 135 135 135 135 135 109.64 101.4 102.8 100.48 102.04 104.44 104.88 104.76 102.88 104.88 105 105 108.48 114.36 115 115 115 115
207.68 142.32 141 141 141 141 141 141 145.84 165.48 145.96 144.84 436.28 1181.28 900.84 769.56 499.28 509.52 530.88 372.36 432 438 438 438 438 471.36 313.36 112.32 269 1275.32 559.24 108 463.8 628.88 108 108 611.44 644.96 278.52 310.68 310.68 310.76 310.56 248.64 215.88 215.84 215.84 159.88 215.84 215.84 215.88 215.84 215.84 215.88 215.84 215.84 215.88 210.52 174.08 259.16 296.12 299 299 298.64 263.12 242.08 142.8 135 135 135 135 135 135 208.72 1292.92 1308.16 215.6 135 114.08 100 100 100 100 100 101.48 101.48 100 101.72 105 105 112.36 115 115 115 115 115
164.64 141 141 141 141 141 141 141 141 141 867.48 866.92 141 298.92 567.64 578.12 479.24 438.4 438.2 407.6 329.08 373.24 419.76 438.4 438.2 408.36 237.48 794.24 541.04 356.32 108 127.6 365.72 357.08 108 554.08 624.64 117.8 282.36 311 311 311 270.32 216 195.64 175.2 193.84 174.52 211.52 216 216 216 216 216 216 216 216 216 270.68 299 299 299 299 299 299 299 194.12 135 135 135 135 135 135 373.72 1893.92 1885.32 367.2 128.16 109.04 100 100 100 100 100 100 100 100 101.32 105 105.12 113.32 115 115 115 115 115
147.36 748.72 450.76 141 141 141 141 141 141 141 242.4 242.92 141 220.32 438.4 643.8 862.32 427.28 400.16 438.2 438.4 437.32 454.36 635.08 466.4 651.2 764.24 108 586.08 378.6 108 525.68 1051.32 110.72 108 592.8 663.8 108 182.96 311 311 295.36 202.68 187.24 168.56 216 178 188.72 216 216 216 216 216 216 222.2 217.08 246.48 218.12 255.68 299.16 299.08 299.08 299.16 299.08 299.08 299.16 261.32 324.36 135 135 135 135 135 135 275.68 268.48 135 126.32 100 100 100 100 100 100 100 100 100 102.12 105.28 111.48 115 115 114.96 106.92 91 101.12
133.44 374.88 251.76 262.76 408.92 141 141 141 141 141 141 141 145 293.08 438.88 416.44 385.28 334.08 293.6 363.56 422.32 609.56 627.12 894.36 570.64 441 482.72 108 108 108 108 108.08 122.44 119.8 299.68 108.16 108 108 178.72 311 311 181.12 215.96 216 216 216 216 216 216 216 216 216 216 228.8 298.44 282.64 295.84 292.56 265.4 299.4 299.2 299.2 299.4 299.2 299.2 299.4 401.16 582.8 293.16 141.04 135 135 135 135 135 135 135 122.12 100 100 100 100 100 100 100 100 100 100.08 112.04 114.48 111.64 103.32 103.08 101 89.4 84
141 148.72 141 884.76 1330.28 192.28 141 141 141 141 141 142.88 284.68 327.72 333.08 285.48 285 285 285 285 295.88 390.4 439 439 439 419.12 306.4 104.32 108 108 108 108.4 121.76 298.28 910.24 183.8 108 108 111.92 209.24 222.76 190.56 216 210.56 174.68 215.64 216 216 216 216 216 216 216 216 279.32 299.2 299.4 299.2 299.2 299.4 299.2 299.2 299.4 299.2 299.2 299.4 458.72 585.52 585.64 225.52 135 135 135 135 135 135 135 133.48 108.96 100 100 100 100 100 100 100 100 100 106.52 106 101 101 101 101 97.28 84.32
447.16 1173.48 258.16 157.28 206.52 141 141 141 141 141 141.04 226.88 316.36 316.36 314.88 302.2 410.84 766.24 322.4 285.24 532.16 320.16 371.56 375.84 252.56 211.56 186.36 104.84 108 108 334.68 2216.04 1501.8 87.76 98.04 89.68 100.32 107.08 101.2 129.96 168.44 131.96 200.68 377.68 418.04 152.4 214.84 216 215.56 216 216 216 216 216 267.04 300 300 300 300 300 300 300 300 300 300 300 500.36 586 586 399.32 135 135 135 135 135 135 135 135 127.24 100.6 100 100 100 100 100 100 100 100 100.12 100.96 101 101 101 101 101 92.56
158.32 327.36 141.12 141 141 141 141 142.24 183.12 199.64 263.68 317 317 317 317 317 425.48 764.88 322.24 285.2 531.28 316.48 298.68 316.16 309.96 130.84 108 108 108 125.84 3227.88 4095 4537.12 702.04 100.36 87.8 81.92 98.48 89.44 79.96 659.48 374 175.36 386.56 370.16 107.48 117 136.76 109.76 138.6 209 216 216 216 246.2 299.68 300 300 300 300 300 300 300 300 300 300 541.32 586.12 576.96 451 135.76 136.4 135.04 135 135 135 135 135 108.48 100 100 100 100 100 100 100 100 100.04 100.96 101.32 101.16 101.16 101.32 101.16 101.16 92.8
141 141 141 141 141 141 141 244.8 317 317 401.72 623.72 317 317 317 317 549.88 544.04 285 870.88 2083.08 285 349.44 941.64 410.44 285.32 216.52 157.36 157.64 205.52 1816.12 2967.64 2260 472.56 108 95.32 81.48 364.4 287.32 83.2 99.28 123.56 1063.28 630 105 105 105 105 105 105 133.08 216 216 216 216 219.12 299.44 300 300 300 300 300 300 297.88 296.96 370.72 583.92 576.76 261.12 138 138 138 137.2 135.52 135 135 137.4 140.76 122.32 105.88 100 100 100 100 100 100 100 100.36 101.2 101.4 101.2 101.2 101.4 101.2 101.2 98.72
138.16 125.28 120.28 123.68 127.08 780.6 476.12 313.6 317 463.64 2074.84 2145.28 1501.12 474.72 317 276.6 542 608.4 283.88 245.16 266.76 250.36 309.16 416.76 317.6 316.52 395.2 424.68 392.72 368.56 426.84 426.84 423.12 182.36 108 151.28 792.96 698.96 409.32 105.28 2263.56 1563.72 102.72 105 105 105 105 105 105 105 160.12 216 216 216 216 161.96 223.56 300 300 300 300 300 300 235.08 274.36 445.32 586.52 555.84 141.76 138 138 138 138 137.36 135.44 140.44 145.68 147 147 114.52 100 100 100 100 100 100 100 100.64 101.68 101.76 101.68 101.68 101.76 101.68 101.68 101.76
112.28 110 110 110 110 405 262.04 234.12 294.68 532.36 2145.6 2129.4 1920.12 970.72 254.4 309.36 317 314.32 241.16 258.8 237.4 257.64 324.6 317 240.92 268.48 421.24 365.36 358.2 369.88 427 427 427 366.64 218.64 368.08 554.32 147.32 105 105 105 105 105 103 104.56 114.96 886.4 281 105 105 131.72 213.36 216.12 216.24 216.12 195.44 145.72 220.08 300 300 300 300 300 185.08 212.72 265.84 519.84 374.92 148.12 138 138 138 138 137.96 139.56 147 147 147 147 137.04 103.36 100 100 100 100 100 100 101.12 102 102 102 102 102 102 102 102
110 110 110 110 110 125.52 141 141 141.04 1365.6 2143.52 1692.64 761.32 208 187.36 240.64 316.12 317 293.92 286.56 283.64 469.36 1856.92 315.16 264.88 353.96 374.16 397.64 427 427 427 427 427 427 368.48 440.72 312.64 515.32 227.52 105 105 105 105 91.92 88.36 104.96 161.56 105.48 105 105 105 175.04 216.2 216.4 216.2 216.2 189.48 157 298.56 300 300 300 300 294.36 226.6 143.08 149.76 138 138 138 138 138 138 138 138.68 146.44 147 147 147 147 108.88 100 100 100 100 100 100 101.48 102 102 102 102 102 102 102 102
110 110 110 110 110 113.88 141 141 141.16 1249.28 1096.04 221.4 182 182 182 184.28 314.76 315.24 288.24 287.2 287.4 289.92 316.12 287.96 315.04 385.24 427.16 427.08 427.08 427.16 427.08 427.08 427.16 426.92 163.84 105 277.04 975.08 262.28 105 105 104.16 92 79.12 79 85.76 98.92 105 105 105 105 126.48 216.68 216.76 216.68 216.68 211.68 143 174.12 279.24 300.2 300.2 300.4 300.2 300.2 191.32 138 138 138 138 138 138 138.32 143.04 145.36 147 147 147 147 147 118.32 100 100 100 100 100.16 101.28 102 102 102 102 102 102 102 102 102
116.64 251.2 166.52 111.56 105.76 230.48 1308.8 141.08 141.16 142.6 158.48 181.52 182 182 182 222.44 317.2 310.2 287.68 287.68 287.76 304.68 317 317 347.72 427.2 427.4 427.2 427.2 427.4 427.2 427.2 427.4 412.76 106.52 105 225.6 417.36 105 105 105 99.96 79.04 79 79 79 79.64 93.56 99.16 105 105 122.12 214.28 217 217 217 197.6 143.04 143.04 194.12 300.2 300.2 300.4 300.2 300.12 154.2 138 138 138 138 139.24 144.44 144.88 147 147 147 147 147 147 147 142.92 118 103.28 100 113.76 109.12 102 102 102 102 102 102 102 102 101.84 90.76
123 512.6 287.2 99.08 94.2 110.4 1134.48 141.2 142.84 176.84 182 182 182 182 182 254.64 309 305.88 506.76 693.88 288 301.72 317 317 333.84 419.56 427.4 427.2 427.2 427.4 427.2 427.2 427.4 402.8 107.32 105 105.4 1712.84 1393.72 93.36 89.84 93 79.28 79 79 79 79 79 81.96 103.88 105 105 152.6 217 217 210.72 148.36 143.2 143.2 246.8 300.68 300.68 249.68 228.64 209.92 138 138 138 138 138 142.96 147 147 147 147 147 147 147 147 147 147 147 143.12 135.52 145.72 108.96 102 102 102 102 102 102 102 106.12 116.48 103.2
106.8 95.04 94 99 102.08 139.36 141.52 149.76 178 182 182 182 182 182 195.12 287.84 292.48 290.16 1242.48 1053.76 288 304.2 383.8 515.8 317.12 372.56 428 428 428 428 428 428 428 395.32 491.36 520.28 99.48 961.84 175.24 79 79 79 79 79 79 79 79 79 79 82.96 102.72 106.96 151.44 206.64 173.52 208.28 171.56 143.2 151.2 287.48 301 301 211.28 172.28 170.96 138 138 138 138 138 141.36 147 147 147 147 147 147 147 147 147 147 147 147 146.96 115.2 102 102 102 102 102 102 102 102 118.24 136 136
94 94 115.48 141.16 142 142 144.48 168.64 182 182 182 182 182 182 196.04 288 288 288 288 288 289.68 314.36 450.96 663.12 317.2 317.36 418.6 410.48 245.64 407.92 381.08 428 359 189.68 127.44 125.28 80.76 79 79 79 79 79 79 79 79 79 79 79 79 89.36 138.16 135.92 107.08 131.52 143.84 146.68 147.72 149.8 276.28 295.12 301 296.88 140.84 138 138 138 138 138 138 138 141.12 147 147 147 147 147 147 147 147 147 147 147 147 139.8 104.28 102 102 102 102 102 102 102 102 104.48 135.28 136
94 94 97.72 141.64 142 142 142 171.52 182 514.92 339.36 179.88 158.12 576.96 166.44 267.44 288 288 288 288 298.68 326.72 918.68 430.04 317.36 358.12 271.12 122.96 79.72 65.76 63.84 219.92 68 67.68 87.08 85.48 79 79 79 79 79 79 79 79 79 79 100.2 127.44 121.08 136.04 144 144 138.56 134.88 144 144 144 145.08 159.92 154.36 182.6 287.84 190.2 138 138 138 138 138 138 137.52 135.48 141 145.8 147.04 147.08 147.04 147.04 147.08 147.04 147.04 147.08 147.04 147.04 140.84 102 102 102 102 102 102 102 102 102 109.84 136 136
94 94 94 137.92 142 142 153.36 181.72 182 923.4 583.12 182 429.32 2819.16 546.96 190.08 288 288 288 288 363.4 631.08 342.88 94.4 105 103 63.76 63.68 921.56 376.4 63.68 63.68 63.76 63.68 63.68 70.28 79 79 79 79 79 79 79 79 79 79 135.32 144 144 144 144 144 144 144 144 144 144 144 144 144 144 149.24 138.16 138 138 138 138 137.96 136.32 134.52 133 133 138.6 146.96 144.32 139.96 146.88 147.4 147.2 147.2 147.4 147.2 147.2 132.2 102 102 102 102 102 102 102 102 102 105.64 134.6 136
88.08 83.04 83.4 135.16 142 144.6 179.92 182 240.68 242.6 182 182 180.88 282.04 150.4 238 287.84 288.08 288.04 297.28 388.48 641.84 334.2 155.64 64 64 64 64 224.8 721.32 92.28 64 64 64 64 65.08 79 79 79 79 79 79 79 79 79 81.16 138.44 144 144 144 144 144 144 144 144 144 144 144 144 144 144 144 138.8 138 138 138 138 136.84 133 133 133 133 133.48 135.56 133 133 143.88 147.4 147.2 147.2 147.4 147.2 147.2 133.76 102 102 102 102 102 102.08 105.28 102.24 115.2 110.56 135.16 136
74.04 74.04 74.08 127.64 141 161.84 182 182 1138.84 1155.96 182 182 181.76 154.04 614.08 1355.28 437.96 286.72 288.2 313.12 341 341 412.2 595.52 64 64 64 64 96.68 334.08 65.12 64 64 64 64 64.8 79 79 79 79 79 79 79 79 79 113.32 144 144 144 144 144 144 144 144 144 144 144 144 144 144 144 142.84 138.08 138 138 138 138 138 134.2 133 133 133 133 133 133.56 138.52 147.52 148 148 148 148 148 148 116.12 102 102.04 102 102 102 124.48 136 135.2 135.56 133.24 136 136
