eomf-prod/eomf/data/ecohealth/hpdn.asc
ncols         992
nrows         717
xllcorner     68.144226
yllcorner     5.633471
cellsize      0.041667
NODATA_value  -9999
[rows 301 to 343 of 717, columns 96 to 191 of 992]
116.04 117.76 118 118 118 118 118 118 768.96 4512.52 6986.8 5219.76 1201.24 1041.92 328.16 66.16 137.72 302.08 294.24 309.84 324.12 307.44 293.12 300 311.72 315.2 305.64 248.68 741.8 376.56 253.4 264.76 265 265 265 265 265 265 265 334.72 439.16 418 308.12 308.12 308.24 309.56 349.24 350.16 381.56 406.84 495.76 504.76 469.52 223.28 231.68 204 204 204 203.08 199.64 202.6 186.56 150 150 150 150 150 150 141.52 129 129 129 141.52 145 145 141.08 136.2 136 136 123.08 65.2 63 104.2 76.52 63 63 63 63 63 63.2 63 80.96 1189.76 1374.2 1319.64 476.12
117.72 118 118 118 118 118 118 117.4 72.32 63 325 368 323 106 63 63 147.56 332 331.32 332.08 332.16 328.6 318.72 325.56 332.08 332.08 326.04 265.32 243.6 260.72 265.04 265 265 265 265 265 265 265 265 350.16 439.2 389.16 308.2 308.2 308.4 308.2 319.76 336.36 547.84 591.36 628.2 620.84 591.36 511.56 575.52 334.56 203.36 201.84 193.68 190.4 191.28 190 173.52 166.84 150.84 150 150 149.36 131 129 129 129 141.92 145 145 143.28 136 136 125.6 66.36 63 63 148.24 99.32 63 63 63 63 63 152.2 63 135.56 913 681.92 316.84 63
116.56 118 118 118 176.4 410.04 256.2 92.6 63 63 63 69.44 69.64 92.36 243.68 350.24 295.92 326.56 334.24 323.72 332.4 331.64 332.2 332.64 332.2 346.08 435.72 461.68 456.32 445.12 332.08 265 311.72 351.16 265 265 274.4 300.24 304.48 415.6 428.08 308.52 306.88 308.2 308.4 308.2 308.2 308.4 531.8 649.56 763.08 762.96 606.44 592 592 404.64 190.64 190.4 190.44 190.4 190.2 190.2 190.4 190.2 165.08 156.6 150 141.92 129 129 129 129 142.28 145 145 144.6 137.84 140.92 127.88 63 63 250.28 93.96 63 63 63 63 63 63 99.12 192.24 335.04 63.68 63 63 63
120.4 141.6 155.88 145.6 165.48 476.04 272.04 140.16 110.36 104.6 117.76 199.4 252.36 302.04 463.36 504.64 324 324 409 376 238.4 239 242.52 415 454.64 462.28 466 466 447.88 158.08 317.92 399.16 420.2 418 484.56 728.36 668.6 419.32 414.48 438.6 346.08 279.76 291.44 308.68 308.76 308.68 308.68 308.76 404.68 619.92 694.12 683.16 548.04 532.16 543.04 228.04 190.88 236.24 250.84 211.24 190.92 190.84 190.88 190.84 190 189.8 153.96 130.08 129 129 129.08 135.48 144.12 145 145 145 143.6 128.08 93.4 63.04 63 92.8 63 63 62.96 72.68 119.8 63.72 300.04 443.04 512.04 511.32 134.04 63 63 63
126.64 175 175 175 175 174.8 150.64 336.64 129.32 226.12 246.52 246.64 396.36 403.08 322.48 321.08 324 324 280.8 235.2 235.4 235.2 284.08 498.52 523.12 466.44 363.48 137.8 86.04 72.12 213.04 422 422 422 886.92 1036.4 985.96 471.04 330.8 316.04 278.76 280 280.8 287.6 304.24 309 265.2 298.28 355.92 429.12 392.84 516.84 425.72 381.36 238.52 191 191 193.72 256.32 262.24 210.72 191 181.36 161.04 155.4 149.52 136.8 129 129 129 129 132.12 143.72 144.4 111.92 113.44 123.56 109.32 87 77.72 63 63 63 63 63 60.72 352.8 723 616.84 512.32 512.16 494.92 137.88 173.88 678.2 71.88
151.36 175 175 173.92 174.88 144.24 475.68 855.2 475.24 234.6 247 247 388.96 369 252.88 354.84 1288.16 1541.8 782.88 235.2 235.4 235.2 439.04 547 535.08 466.68 307.64 73 73 91.36 420.8 422 422.04 576.88 649.64 663 540.92 421.76 256 246 251.4 279.96 457.84 280 286.88 260.48 221.96 225.88 320.44 380 380 380 380 326.44 182.96 172.04 167.24 181.44 186.8 209.36 191 191 158 129 129 129 129 129 129 129 129 129 138.56 138.36 87 87 87 87 87 86.52 69.76 63 63 65 63 63 1280.08 2158.4 2148.8 1804.56 1726.64 1405.76 1050.36 1962.12 1962.04 119.8
175.08 175.08 165.92 129.04 133.08 127 155.04 266.84 155.24 227.44 247 248.48 250.72 253.96 258.36 783.76 1821.76 1910.92 1607 564.76 445.72 235.72 484 560.56 494.08 466.08 329.72 70.6 73 73 288.84 342.56 504.84 1008.2 1008.2 518.8 336.8 298.76 247.04 246 249.96 274.84 701.04 280 244.44 221.36 221.36 221.52 221.72 251.2 317.32 380 380 239.8 148 148 148 148 148 171.92 191 191 162.16 129 129 129 129 129 129 129 129 129 117.44 87.72 87 87 87 87 87 464.04 948.32 345.56 219.48 570.8 64 63 1639.84 2159 2159 2159.4 2159 2150.48 2017.56 1962.56 1961.2 1364.36
175.2 175.2 158.4 127 127 127 127 127 124.44 173.92 252.04 264.48 265.2 265.2 344.84 857.2 941.92 1063.08 941.8 861.6 835.4 1020.88 1087.52 934.76 473.96 415.4 161.2 71.68 73 143.96 241 292.88 315.48 719.96 760.6 338.6 263.4 246 246 246 246 256.96 280 280 266.88 222.08 221.84 221.88 221.84 221.84 227.2 280.36 306 164.16 148 148 148 148 148 192.88 193.4 191 188.96 131.4 129.16 129.32 129.16 129.16 129.32 129.16 129.16 129.32 116.52 87 87 154.6 252.76 88.24 87 87.04 483.56 605.28 994.92 694.4 597.16 824.16 1866.8 2159.08 2159.4 2159.8 2151.56 2002.6 1963.72 1963.36 1963.36 1963.72
175.2 172.52 137.28 127 127 127 127 126.68 143.72 238.68 265.2 265.4 265.2 265.2 364.32 852.08 861.68 861.76 934.4 994.84 924.44 1017.92 1135.8 1139.4 718.84 79.4 72.8 73 73 109.52 281.44 305 298.12 277 274.76 251.32 246 246 246 246 254.08 268.6 280 280 280 237.04 222 222 222 221.12 211.6 209 209 200.92 163.84 148 148 148 148 323.56 224.56 178.28 154.32 132.24 129.28 129.4 129.2 129.2 129.4 132 129.64 129.4 105.12 87 151 823.84 883.88 372.88 87 87 87 274.12 1089.96 1213.52 1233.88 1235.04 1018.24 1154.24 1263.8 1246.48 1047.16 981.08 1343.64 1841.88 1748.68 1803.28
105.92 127.64 127.32 127.16 127.16 127.32 139.84 168.68 208.8 242.08 265.84 265.88 265.84 472.76 553.04 630.04 766.4 921.04 1105.48 1115.2 1115.4 947.72 835.52 981.48 212.68 73 73 73 73 118.8 194.12 316.2 305.84 284.8 279.2 247.96 246 246 243.92 236.28 270.12 280 280 280 248.56 187.44 205.28 222 209.72 174.48 209 209 209 209 190.4 152.16 151.12 150.6 148.24 174.08 154 150 144.84 140.16 137.84 134.48 139.12 145.68 146.32 146.72 130.44 131.16 131.84 87 87.04 400.08 337.36 87 87 87 87 87 85.68 76.28 73.96 466.2 1057.2 1057 734.8 72.84 63 63 63 157.88 272.44 148.64
114.36 127.2 127.4 127.2 127.2 127.4 134.88 183.24 210.4 211.44 262.6 266 299.84 632.16 786.4 695.36 648.32 796.88 1079.6 1068.36 1046.2 879.8 776.44 423.92 71 73 73 73 73 73 189.88 320.2 320.4 296.88 279.32 246 246 246 231.72 220 228.72 267.32 264.84 206.28 175.68 165.84 143.48 173.08 161.88 140.04 162.28 173.12 205.4 209 207.68 156.6 154 154 153.04 156.12 154 142.32 140.32 140.16 140.16 144.96 152.92 153 153 151.8 152.68 148.92 96.52 87 87 87 87 87 87 87 87 87 84.04 63 63 141.04 731.52 810.68 282.84 374.76 63 63 63 101.8 87.28 78
120 127.2 127.4 127.2 126.92 109.32 128.96 182.8 205.96 210.2 232.64 262.4 319.8 728.32 697.52 1059.4 1161.44 629.36 836.2 836.2 836.4 919.44 1270.88 718.12 75.76 73 73 73 73 72.36 178.92 320.2 320.36 300.36 290.52 260.48 276.52 251.24 221.76 220 220 220 194.76 174 174 168.8 162.88 139.84 139 140.88 139 139 166.32 208.92 180.8 154 154 154 154 154 154 142.24 140.4 140.2 142.76 152.96 153 153 153 153 145.12 100.2 87 87 87 87 87 87 87 87 87 81.2 65.88 63 63 63 63 63 65.88 84.8 63 63 63 102.48 97.36 78
109.32 123.8 127.88 127.84 111.28 157.64 182 182 187.4 202.64 210.8 210.88 218.08 448.52 580 580 580 634.04 968.56 900.84 849.72 1117.28 1681.52 1849.32 1513.64 504.24 73 72.96 72.72 64.8 92.68 305.32 299.44 291.2 291.2 291.4 267.6 175.24 195.24 220 220 204.16 174.96 174 174 174 174 155.2 158.2 165.4 155.68 140.04 145.76 156.6 145.08 153.12 154 171.36 219.32 154 154 145.16 140.52 140.36 140.36 144.16 153 153 153 141.12 97.28 89.12 91.8 87 87 87 87 87 87 87 87 83.48 64.12 63 63 63 63 63 63 63 63.36 65.92 72.8 105.6 106.84 97.24
63 64.64 78.36 97.76 88.48 120.2 178.64 182.08 182.16 182.08 190.16 197.8 198.8 337.84 579.04 580 580.04 738.56 996 865.04 895.52 1282.72 1840 2169.28 2117.48 1813.36 862.44 406.6 63.48 63.2 63 199.88 291.4 291.2 291.2 290.32 200.2 172 180.52 219.24 220 186.36 174 174 174 174 174 174 174 174 164.28 147.92 139 139 139 147.96 154 167.36 197.68 154 148.32 141.08 161.12 159.8 140.84 144.6 153 153 153 153 176.64 210 238.32 151.4 157.32 154.8 90.8 87 95.84 127 130.4 86.88 63 63 63 63 63 71.76 72.68 63.16 90.04 106.4 103.32 107 107 107
63 63 63 63 63 112 147.16 182.2 182.4 182.2 183.8 585.84 743.68 223.28 284.12 675.56 708.84 744 744 744 1005.88 1058.12 2139.8 2170.8 2170.4 2170.4 2058.12 1220.28 63 63 63 66.32 194.36 261.88 289.84 269.68 177.16 173.88 176.4 219.92 220 192.76 174 174 189.88 212.76 154.84 150.92 174 160.12 139.6 139 149.28 159.2 139.72 144.08 154 154 152.08 146.52 144.28 141 207.32 208.68 141 141.28 150.12 153 153 175.96 238 242 242 230.24 194.08 152.6 105.2 93.44 96.32 145.04 162.2 192.76 140.56 89.84 102.52 154.96 148.56 107.32 100.76 103.64 105.36 107 107 107 107 107
63 63 63 63 59.96 46.4 169.32 182.2 182.4 182.2 299.52 1163.6 767.56 220.16 278.08 744.08 744.12 744.24 595.88 609.04 990.92 1091.32 1917.32 2171.4 2171 2171 2171.4 1250.24 63 63 63 63 63 63 81.64 179.72 174.28 172 206.52 220 220 201.32 174.16 174 309 360.4 148.76 139 146.32 141.28 139 139 249.04 369.08 259.36 149.64 154 154 150.88 143.88 141 141 141 141 141 141 146.36 153 178.12 237.88 242 242 242 240.08 169.36 149 149 146.64 147.28 149 182.8 203 203 203 203 203 203 166.8 107.16 107 107 107 107 107.36 107 107
63 63 63 63 45.76 81.04 182.36 182.36 176.44 172 91.76 103.36 156.48 182.36 552.36 693.36 622.92 577.96 252.28 340.8 800.32 1265.92 1933.36 2138.76 2171.6 2171.6 2172 937.96 63.72 63 63 63 63.48 112.88 160.24 178 177.52 175.88 185.32 212.2 220 220 190.24 174 217.76 218 155.28 139 139 139 139 139 165.88 229.2 147.84 139.56 142.64 151.16 150.16 146.48 141 141 141 141 141 141 141.04 204.68 241.64 251.6 345.08 316.76 242 242 178.72 149 149 149 149 149.68 160.24 203 203 203 203 203 203 203 152.24 107 107 107 204.52 311.76 253.6 104.64
63 63 63 56.96 46.88 49.24 179.24 160.16 77.88 25.8 0.32 22.48 33.08 76.72 274.48 347.44 331.4 215.52 189.92 187.32 383.68 573.28 1232.48 1333.2 2040.88 2170.8 2076.36 1767.68 288.88 119 93.2 63 111.08 177.72 178 178 178 178 178 199.76 220 220 205.52 187.92 182 193 186.24 141.48 139 139 139 139 139 139 139 139 139.68 141.56 141.04 141 141 149.6 280.84 254.48 141 141 141 233.36 242 260.12 405.96 360.64 242 218.04 157.92 149 149 149 150.28 160.56 168.6 207 204.28 203 203.64 203 203 203 202.08 139.68 107 107 132.88 239.68 226.2 141.76
93.28 79.16 63 50.88 8.76 72.04 106.64 58.52 0.48 1.76 95.84 135 129.04 72.24 54.8 135 135 159.64 165.8 190.36 191 191 191 191 852.04 1975.4 1975.8 860.92 167.2 167.4 152.12 132.32 172.4 178 178 178 178 178 178 210.52 220.04 220.08 220.04 220.04 222.32 233 232.96 204.56 139 139 139 139 139 139 139 139.16 140.76 141 141 141 141 141 312.08 286.44 141 141 141 200.56 242.24 242.12 242.12 242.24 238 153.84 149.08 149.04 243.28 240.16 157.56 161.16 162.04 198.32 438.56 284.92 337.04 228.08 198.4 146.44 109.76 87.96 86.56 93.16 105.76 283.36 439 297.56
101 86.36 66.84 62.8 10.88 22.8 20.04 0 0 47.92 135 135 135 135 135 135 135 158.52 186.36 191 191 191 191 403.96 1741.92 1975.96 1976.32 1354.68 167.2 167.56 1162.68 751.56 167.4 176.44 178 178 178 178 178.04 216.48 220.16 220.32 220.16 221.56 230.12 233 233 226.12 140.48 139 139 139 139 139 139 139 139.76 141 141 141 141 141 141 141 141 141 141 172.16 219.2 242.2 242.2 242.4 192.84 149.16 140.76 132.68 204.28 180.64 113.96 123 101.08 100.28 308.76 523.96 189.48 118.36 108.28 106.84 107 107 107 107 107 184.64 303.6 142.48
85.72 68.64 63 50.84 2 0 0 0 0 77.68 135 135 135 135 135 135.04 135.04 144 186.88 191 191 198.92 198.44 939.88 1943.28 1550.52 1137.6 834.96 167.2 167.4 448.24 278.6 167.4 176.12 178 178 178 178 178 208.6 220.2 220.4 229.88 231.4 233 233 233 229.24 162.8 139 139 139 139 139 139 139.36 140.44 141 141 141 141 141 141 140.84 141 140.36 132.96 124.04 127.92 182.44 188.28 164.96 132.32 122.36 129.08 135.68 149 141.88 131.36 127.68 108.92 108 147.24 267.28 108 108 107.48 107 107 107 107 107 107 107 107.92 131.12
63 63 62.96 20.92 0 0 0 0 0 106.64 135 135 135 136.28 139.12 141.32 140.04 135 153.84 182.68 191.6 210.48 211 505 547.2 234.04 168.48 167.84 167.84 167.88 167.84 167.84 170.72 178.08 178.08 178.16 185.32 182.36 178.16 203.32 234.04 237.24 235.36 233 233 233 233 233 193.8 139 139 139 139 139 138.52 129.92 128.08 138.36 141 141 137.32 118.72 104.24 102.04 109.4 255.6 412.44 197.84 113.12 346.08 315.56 149 149 149 149 149 149 150.76 150.76 116.68 108 108 108 108 108 108 107.68 107.04 107 107 107 107 107 107 117.44 139.12
96.92 63 42.2 0 0 0 0 0 10.24 131.52 135 134.68 135 139.08 144.16 140.16 135.52 141.88 142.92 145.12 168 203.8 209.56 328.84 261.2 211 198.28 211.32 225.68 221.44 192.24 168 168.04 203.4 233.96 246.04 262.64 249.8 230.12 254.16 256.2 256.4 254.88 244.2 233 233 233 185.44 140.96 139 139 139 135.4 119.6 111.12 112.92 113 118.88 125.44 119.2 113.24 113 113 113 113 347.84 563.32 283.52 115.52 284.48 331.2 149 149 149 149 149 149 148.68 128.28 108.36 108 108 108 108 108 108 108 107.84 107 107 107 107 107 107 108.56 113.24
237.56 143.44 28.92 0 0 0 0 0 18.52 143.6 144.72 127.36 102.4 59.08 32.16 139.48 140.96 150.68 153 153 153 153 194.72 211 211 211 227.08 267 267 267 243.68 136.84 145.96 201.8 265.6 295.4 287.52 202.64 214.32 255.76 257 257 257 256.76 236.12 233 233 233 178.48 139 137.72 124.08 96.84 88.24 85 93.48 108.48 113 113 113 113 113 113 113 113 113 113 113 113 134.92 145.68 147.32 146.12 146.36 148.6 148.36 146.84 122.28 108 108 108 108 108 108 108 108 108 107.76 107.04 107 107.16 109.16 107 107 107 113.48
247 247 110.88 0 0 0 0 0 16 146.44 123.76 34.84 0 9 112.6 158.36 165.04 154.84 153 153 161.2 196.8 222.08 211 211 208.92 189.04 252.8 262.16 217.84 215.96 128.28 144.16 144 126.32 268.72 267.36 163.76 144.08 157.2 187.72 180.32 252.36 257 256.4 220.8 139.68 90.48 101.96 121.04 103.04 85 85 85 85 85 93.8 113 113 113 113 113 113 113 113 113 113 113 113 132.52 140 140 140 140 140 139.72 130.44 108 108 108 108 108 108 108 108 108 108 108 112.4 137.12 147.16 156.76 134.6 115.36 134.8 157.84
247 243.04 178.96 0 0 0 0 0 0 35.4 1.88 0 38.76 38.68 122.2 148.32 166.2 154.2 153 153 156.92 351.24 318.52 211 211 196.92 153.92 158.84 212.32 145.56 133.44 143.96 470.96 352.32 140.08 167.92 219.8 155.12 144 144 144 144 177.88 219.64 111.4 94.44 85 85 85 85 85 85 85 85 85 85 85 109.84 113 113 113 113 113 113 113 113 113 113 121.36 139.44 140 140 140 140 140 128.24 111.12 100.44 105.08 108 108 108 108 118.32 108 125.72 139.12 130.8 157.72 158 158 227.76 202.08 157.6 158 157.64
247 220.2 193.56 0 0 0 0 0 0 0 0 0.12 84 92 91.04 91.56 110.28 99.84 117.28 207.24 417.28 568.8 502.16 441.48 260.44 211 140.04 159.4 138.76 144 144 144 520.24 403.96 144 144 144 128.32 144 144 147.8 148.84 161.88 166 153 97.88 85 85 85 85 85 85 85 85 85 85 88.52 112.24 113 113 113 113 113 113 113 113 113 113.64 138.92 140 140 140 140 140 140 130.76 89.24 74.4 78.16 78.72 78.28 108.24 468.92 766.76 535.56 123.16 157.48 158 158 158 158 285.12 242.28 158 156.92 146.28
720.12 435.24 127.88 0 0 0 0 0 0 0 0.2 33.08 91.16 90.08 84 84 84 84 84 428.4 571 571 571 498.8 220.08 151.36 158.88 162.52 161.32 148.84 144 144 144 144 144 144 144 144 144 142.72 150.6 166 166 166 166 127.8 85 85 85 85 85 85 85 85 85 85.16 142.08 146.8 126 120.56 158.88 166.32 115.84 113 113 114 147.48 148.08 140 140 140 140 140 140 140 111 74.36 74.52 74.36 74.36 74.52 181.88 601.08 863.84 666.72 317.32 281.92 194.68 158 158 158 158 158 158 153.8 142
1006.12 994.64 179 0 0 0 0 0 0 0 5.8 84.8 88.8 85.92 84 84 110.4 93.6 177.92 576.76 612.76 612.6 587.32 457.12 306.84 163 163 163 163 162.72 147.64 144 144 136.52 142.16 137.96 139.8 127.2 132.24 116.72 128.44 166 166 166 166 166 110.12 85 85 85 85 85 85 85 96.64 190.04 251.48 279.2 279.2 279.4 279.2 279.2 212.44 126.72 119.4 113.04 153.48 169.68 140 140 140 140 140 140 139.48 103.24 74.84 74.88 74.84 74.84 74.88 230.28 319 319 319 319 319 260.04 192.72 147.24 143.96 146.88 154.08 122.24 99.56 81.72
1006.2 850.56 109.16 0 0 0 0 0 0 6.56 35.12 83.92 84 84 84 106.24 524.64 546.92 461.2 610.2 628.4 537.32 236.04 287.4 188.56 163 163 163 163 163 155.88 152.6 152.44 117.36 115.04 114 114 114 114 114 114.12 133.52 166 166 166 166 131.2 85 85 95.28 120.16 131.36 136.56 130.44 172.36 217 236.2 262.52 279.44 279.52 279.36 279.12 189.52 176 176 172.28 175.84 176 144.04 197.96 228.68 296.48 141.52 137.28 82.8 75.76 75 75 75 75 75 122.16 261.48 319 319 319 319 319 276.2 117 117 117 117 117 111.72 86.6
1004.8 342.32 237.4 61.64 0 0 0 0 0 49.96 73.8 62.68 62.2 57.96 62.36 265 497.8 364.16 411.52 427.48 394.2 457.16 191.6 165.2 163 163 163 163 163 163 163 163 149.72 114.44 114 114 114 114 114 114 114 114.32 162.16 166 166 163.92 151.6 110.64 122.48 142.4 143 143 143 143 201.88 217 217 224.44 326.64 311.16 285.64 294.84 208.28 176 176 176 176 179.48 224.2 221.32 657.4 762.68 289.16 146.16 125.4 77.04 75.08 75.08 75.48 75 75 75 189.96 319 319 319 319 319 287.24 117 117 117 117 117 113.48 103.84
593.36 230.2 247 185.76 0 0 0 0 0 10.36 5 0.64 17.4 35.12 34.4 81.6 37.88 55.64 284.48 654.68 700.16 723.72 641.76 288.4 163 163 163 168.96 177.32 172.52 169.76 166.24 139.52 114 114 114 114 114 130.24 135.48 143.4 157.56 166 166 163.76 145.44 165.8 146.8 143 143 143 143 143 153.72 217 217 217 217 248.24 243.24 239.12 276.04 215.64 171.4 153.8 152.96 173.16 180.52 216.28 230 291.6 291.6 230 198.28 151.36 143.36 134.68 86.28 87.04 76.76 75.24 80.08 88.12 208.4 224.2 250.28 316.88 309.72 155.52 117 117 117 117 117 72.88 70
227.12 240.48 240.68 141.12 0.52 8.2 0 0 0 0 0 35.24 81.68 48.08 26.2 26.8 57.08 90.32 380.04 717.04 724.76 724.68 619.84 271.4 172.8 172.04 172.16 180.36 182 182 182 182 127.32 114.08 114.08 114.16 114.08 114.08 147.52 163.28 165.88 166 166 166 164.88 148.48 145.24 143 143 178.56 144.32 143 143 167 217 230.72 281.8 269.04 217.24 217 217 217 156 133.68 133.68 133.76 135.4 168.2 210.52 229.72 230 230 230 230 222.92 225.36 225.64 115.88 88 87.84 86.36 88 88 88 88 88.92 99.2 110.04 117 117 117 117 117 116.72 70.28 70
170.6 166 196.76 9.24 0 0 0 0 0 0 0 12.8 20.88 0.32 137.28 141.2 63 143.32 492.32 724.48 724.8 699.84 479.76 218.24 182 182 182 182 182 182 182 165.08 114.44 114.2 114.2 114.4 114.2 114.2 147.44 163 164.44 166 166 166 162.84 147.36 165.16 184.4 180.8 412.8 336.48 155.12 168.08 181.8 274.16 369.6 376 375.2 248.48 217 217 217 156.84 134 134 134 134 134 134 150.28 175.92 226.84 230 191.64 95.92 93.16 130.36 106.6 88 88 88 88 88 88 88 88 88 105.36 117 117 117 116.84 116.44 106.96 75 71.04
180.68 167.64 199.2 0 0 0 0 0 0 0 0 0 0.04 33.52 166.48 151.56 63 75.88 382.28 370.36 383.8 499.68 134.32 182 182 182 182 182 182 162.68 154.56 136.6 114.44 114.2 114.2 114.4 114.64 118.56 159.8 163 163.04 165.76 165.64 164.52 176.28 211 211 211 227.4 244.16 277.96 211 211.48 216.8 217 266.92 292.12 229.2 217 217 217 216.12 150.16 134 134 134 134 134 134 134 134 210.96 230 229.96 176.12 90.12 88 88 88 88 88 88 88 88 88 88 88 105.88 117 117 115.36 82.04 81.4 80.68 80 79.52
198.36 191.4 126.52 0 0 0 0 0 0 0 0 0 28.92 51.32 59.2 63 63 63 225.36 824.56 466.04 364.36 119 110.16 108.96 108.04 130.24 110.08 128.76 116.64 126.12 126.12 123.08 119.36 118.92 119.16 135.32 159.16 163 163 163 163.24 163.12 151.84 159.24 170.76 193.68 208.88 206.16 200.6 200.6 195.52 188.04 213.8 217 217 217 217 217 217 217 192.64 134 134 134 134 134 134 134 134 134 167.92 230 230 230 192.84 104.84 88 88 88 88 88 88 88 88 88 88 98.56 117 117 117 109.72 94.04 80 80 80
295.96 254.16 12.36 0 0 0 0 0 0 0 0 0.76 20.64 54.92 51.04 63.04 214.12 92.52 188.44 682.84 468.12 104.2 104.2 104.4 104.2 104.2 104.4 104.2 104.2 120.44 126.2 126.2 126.4 126.2 126.2 126.4 126.2 142.72 163 163 139.08 103.48 145.72 183.76 198.24 193.04 184.04 187.6 186.6 187.92 190.8 187.92 186 187.2 194.44 200.04 195.08 213.76 217 217 217 184.8 134 134 134.48 134 134 134 134 134 134 143.08 182.84 218.68 230 230 217.4 167.44 152.96 164.48 120.92 88 88 88 88 88 88 95.56 117 117 117 117 103.36 80 80 80
254.4 27.72 0 0 0 0 0 0 0 0 0 0 40.88 63.2 63.4 130.28 266.36 236.56 274.32 348.44 999.72 471.16 120.52 112.96 104.2 104.2 104.4 105.4 131.12 175.96 177.04 177.52 137.44 126.2 126.2 126.4 127.68 139.96 159.04 148.76 79.32 129 129 153.56 154.04 155.92 175.6 186 186 606.64 800.4 704.64 186 186 186 182.88 158 158.36 162.12 168.36 168.88 138.48 134 134 277.48 315.8 327.68 146.4 134 134 134 134 138.36 170.8 180.92 180.56 195.68 205.08 211.52 205.96 212.16 107.68 100.52 106.96 97.24 99.68 101.36 117.2 162.72 145.16 195.24 195.68 131.8 102.04 82.84 103.6
75.68 0 0 0 0 0 0 0 0 0 0 0.56 26.32 39.48 112.16 83.88 159.04 302.76 302.68 302.68 623.24 533.08 179 159.08 160.76 167.08 170.6 176.72 179 179 179 169.64 147.04 132.2 151.88 150.8 157.28 158 123.96 66.76 97.68 129 129 142.8 150 153.24 180.72 186 186 476.04 771.04 598.72 186 186 186 183 158.16 342.16 550.76 263.44 158.08 158.04 148.8 134 181.36 433 433 277.92 134 134 134 134 141.16 168.12 169 169 169 169 169 169 169 169 162.64 142 142 142 142 146 227.12 229.4 229.2 229.2 229.4 224 190 205.92
0 0 0 0 0 0 0 0 0 0 0 18.8 54.32 62.68 117.64 283.4 236.6 303 303 368.52 332.08 144.8 183.68 142.92 179 179 179 179 179 179 179 173.48 158 158 158 158 157.52 63 97.32 127.52 129 129 132.8 148.6 150 151.88 164.16 163.48 184.88 186 186 186 186 186 186 183.04 158.4 336.04 566.36 233.8 158.2 158.2 158.24 141.72 134 287.16 287.12 168.92 134 134 134 134 139.32 169 169 169 169 169 169 169 169 169 163.72 142 142 142 142 142 162.96 229.64 229.52 229.52 229.64 229.52 229.52 229.64
0 0 0 0 0 0 0 0 0 0 0 9.36 59.88 64.2 83.72 265.48 303 766.56 758.4 553.52 519.4 519.2 423.84 320.24 164.76 438.92 354.76 224.08 351.56 479.8 189.16 163.96 158 161.28 162.6 77.6 128.24 22.8 91.72 129 129.16 139.52 149.44 150 150 150 150 150 167.8 184.8 177.88 181.2 185.24 162.2 181.44 180.8 158.4 158.2 158.2 158.4 158.2 158.2 158.4 157.4 153.88 148.84 135.72 134 134 134 134 136.24 157.84 169 169.16 724.52 540.28 169 169 169 169 169 158.56 142 142 142 142 142 149.96 230 230 230 230.92 511.88 294.84 230
0 0 0 0 0 0 0 0 0 0 0 41.64 2614.4 631.4 275.4 303.76 1725.68 1193.4 1226.24 917.12 519.88 519.84 519.84 519.88 445.72 1080.48 1007.32 627.2 888.4 1181.84 655.68 164.56 158 186.08 183.36 30.44 8.96 1.48 86 129 134 150 150 150 150 150 150 149.68 156.04 143.04 134.24 134.48 142.08 134.24 135.8 147.44 158.08 158.36 158.36 158.52 158.36 158.36 158.52 158.36 158.36 158.52 149.96 136.96 134 134 142.76 167.84 169.2 169.28 169.6 797.68 708.12 169.4 169.2 169.2 169.4 168.16 143.72 142 142 142 142 142 145.04 159 225.88 230 250.56 524.88 293.12 230
0 0 0 0 0 0 0 0 0 0 0 6393.72 12948.4 11261.12 8008.12 7686.64 6037.96 1227.28 1227.04 1205.04 631.08 593.28 586.2 1000.4 462.84 148 272.36 156.96 304.88 288.88 599.12 169.96 158 177.08 197.12 145 116.48 108.56 129.08 481.36 295.72 150 150 150 150 150 150 140.52 135.2 134.2 134.4 134.2 134.2 134.4 134.2 134.2 147.16 159 159 159 159 159 159 159 159 159 160.28 168.24 164.48 169.52 171.2 171.88 172 172 173.64 191.44 178.16 354.8 376.96 371.16 284.2 179.16 142 142 142.12 658.36 305.48 142 329.12 355.92 368.68 239.64 230 230 221.44 195.72
