eomf-prod/eomf/data/ecohealth/ncropn.asc
ncols         992
nrows         717
xllcorner     68.144226
yllcorner     5.633471
cellsize      0.041667
NODATA_value  -9999
[rows 495 to 549 of 717, columns 864 to 959 of 992]
0.28 0.02 0.01 0 0 0 0.08 0.04 0.02 0 0 0 0 0 0 0 0 0 0 0 0 0 0.04 0.04 0 0 0 0 0 0.02 0 0 0.1 0 0.1 0.14 0 0 0.04 0.02 0.04 0.14 0.26 0.06 0 0 0.1 0.1 0.04 0.04 0.02 0 0.04 0.1 0 0 0 0 0.02 0.02 0.08 0.22 0.14 0.22 0.1 0.12 0 0.02 0 0 0.14 0.18 0.02 0.06 0 0 0 0 0 0.02 0 0 0 0.16 0.5 0.16 0.02 0 0.08 0.18 0.02 0.06 0.04 0.04 0 0
0.02 0 0 0.02 0 0.02 0 0.22 0.12 0 0 0.04 0.08 0.14 0.04 0 0 0 0 0 0 0 0 0 0 0 0 0 0 0 0.02 0.02 0 0.08 0.1 0.02 0.02 0 0.02 0.08 0 0.35 0.28 0.14 0.06 0 0.08 0.16 0.14 0.04 0 0 0.04 0.1 0.08 0 0.04 0.08 0.04 0.08 0.06 0.02 0.05 0 0.1 0.1 0.04 0.02 0 0 0.04 0.08 0.02 0 0 0 0 0 0 0.06 0 0 0 0.04 0.48 0.28 0 0 0.04 0.28 0.14 0.12 0.04 0.1 0 0
0 0 0 0 0.02 0 0 0.04 0.06 0 0.04 0.42 0.02 0.58 0.1 0 0 0 0 0 0 0 0 0 0 0 0 0 0 0 0 0 0.06 0 0.04 0 0 0.1 0 0 0 0.24 0.46 0.23 0.02 0 0.04 0.02 0.08 0.04 0 0 0 0.1 0.12 0 0 0.08 0.08 0.1 0.1 0.04 0.2 0.16 0.14 0.12 0.02 0 0 0.02 0.1 0.16 0.04 0 0 0 0 0 0.02 0 0 0 0 0.02 0.28 0.08 0 0 0 0.46 0.24 0.08 0 0.02 0 0
0 0 0.02 0.06 0 0.02 0 0.06 0 0 0.12 0.26 0.02 0.08 0 0.02 0 0 0 0 0 0 0 0 0 0 0 0 0 0 0.02 0 0.12 0.02 0.14 0.1 0.02 0 0 0 0 0 0.12 0.18 0 0.02 0.1 0.06 0.08 0.02 0 0 0 0.04 0.08 0.06 0.1 0.02 0.02 0.04 0.18 0.05 0.18 0.04 0.02 0.02 0.18 0 0.06 0.04 0.08 0.06 0.04 0.02 0 0.18 0 0 0 0.02 0 0 0 0.12 0.32 0.5 0.5 0.06 0.1 0.04 0.04 0.2 0.06 0.02 0 0
0 0 0.08 0.04 0 0 0 0 0 0.04 0.2 0.02 0.04 0 0 0 0 0 0 0 0 0.02 0 0.02 0 0 0 0.02 0 0 0 0.02 0.04 0.1 0.04 0.08 0.2 0.02 0 0.02 0.02 0.14 0.04 0.08 0 0.02 0.12 0.18 0.08 0.02 0 0 0 0.02 0.06 0.04 0.12 0.06 0.22 0.16 0.22 0.21 0.16 0.14 0.02 0 0.1 0.14 0.04 0.32 0.06 0.02 0.04 0.16 0.08 0.1 0.06 0 0 0 0 0 0.28 1.14 0.38 0.26 0.74 0.58 0.04 0.06 0.06 0.14 0.14 0 0.06 0.04
0.08 0 0.02 0.04 0.02 0 0 0 0 0 0 0 0 0 0.4 0.12 0.1 0 0.04 0.06 0 0 0 0 0 0.04 0.02 0.02 0 0 0.08 0.04 0.08 0.06 0.08 0.02 0.06 0 0.04 0 0.06 0.3 0.06 0.02 0 0 0.02 0.02 0.02 0 0 0 0 0.14 0.14 0.2 0.14 0.06 0.32 0.2 0.1 0.12 0.12 0.28 0.3 0.32 0.06 0 0 0 0.06 0.08 0.04 0 0.02 0 0.28 0 0 0 0 0 0.62 0.74 0.08 0.36 0.1 0.18 0.02 0.36 0.44 0.5 0.32 0.02 0.02 0.08
0 0 0.06 0 0 0.02 0 0.16 0 0 0 0 0 0 0.08 1.24 0.8 0.02 0.12 0.06 0 0 0 0 0.04 0.08 0 0 0 0.04 0.02 0.08 0.02 0.02 0 0 0.02 0 0 0.08 0.16 0.1 0 0 0 0 0 0 0 0 0 0 0 0.22 0.18 0.08 0.02 0.12 0.26 0.06 0.26 0.14 0.2 0.04 0.04 0 0.06 0.02 0 0 0.06 0.04 0 0 0 0 0 0 0 0 0.02 0 0.3 0.98 0.6 0.3 1.26 0.44 0.14 0.1 0.2 0.8 0.08 0 0 0.08
0 0.02 0 0.02 0.04 0 0 0.19 0.32 0.04 0.02 0.08 0 0 0.32 0.4 0.06 0.08 0 0 0 0 0 0.08 0 0 0 0 0 0 0.04 0.04 0.04 0.04 0.1 0.04 0 0 0.04 0 0.32 0.06 0.02 0 0 0.02 0 0 0 0.04 0 0 0.06 0.08 0.02 0 0.1 0.26 0.26 0.12 0 0.02 0.1 0 0.02 0 0.08 0.26 0.06 0 0 0.02 0 0 0 0 0.02 0 0 0.04 0.02 0 0.26 1.06 0.84 0.56 0.62 0.36 0.32 0.16 0.04 0.26 0.28 0.08 0 0
0 0.02 0 0.02 0 0 0.02 0.02 0.18 0.02 0.06 0 0 0 0.24 0.08 0.02 0.26 0 0 0 0 0 0 0.04 0 0 0 0.02 0.02 0.06 0.08 0.12 0.02 0 0.02 0.02 0.02 0.02 0 0.1 0.1 0.04 0.02 0.02 0 0 0 0 0 0 0.06 0 0.02 0 0.14 0.06 0.32 0.18 0 0.08 0.06 0.08 0.04 0 0 0 0.18 0.12 0.02 0 0.02 0 0 0.02 0 0 0 0 0 0 0.02 0.28 0.02 0.02 0 0.42 0.66 0.8 0.2 0.1 0.14 0.36 0.24 0.02 0
0 0.19 0 0 0.12 0.04 0.02 0.04 0 0 0 0 0 0 0 0.02 0 0.16 0 0.02 0 0 0.06 0.04 0 0 0.06 0.08 0.04 0.04 0.04 0.04 0.06 0.04 0.1 0 0.06 0.02 0 0.02 0.12 0.14 0.06 0.02 0 0.02 0 0 0 0.04 0 0.1 0.14 0.22 0 0.18 0.14 0.18 0 0 0 0.02 0.06 0 0.02 0 0 0 0.02 0.02 0 0 0 0 0.02 0 0 0 0 0 0 0 0 0.12 0.06 0.02 0.04 0.3 0.54 0.54 0.06 0.3 0.2 0.3 0.12 0
0 0.06 0 0 0.1 0 0.04 0 0.04 0.02 0.22 0.06 0.08 0 0 0 0 0 0 0 0 0 0 0 0.14 0 0.06 0.02 0.2 0 0.04 0 0.02 0.04 0.04 0 0.02 0 0 0 0.06 0.12 0.02 0 0.02 0.04 0 0 0 0 0 0.04 0.08 0.14 0.04 0.06 0.04 0 0 0 0 0 0 0 0.06 0.22 0 0.04 0 0 0 0.04 0 0 0 0 0.02 0.02 0.02 0.02 0 0 0 0.04 0 0.02 0.02 0.24 0.26 0.14 0.04 0.02 0.2 0.06 0.02 0.2
0 0 0 0 0 0 0 0 0.02 0.02 0.12 0.3 0.06 0.02 0 0.02 0.12 0.1 0.02 0.04 0.06 0.08 0.04 0.08 0.1 0.04 0.08 0.04 0 0.02 0 0.02 0.04 0.08 0 0.08 0.04 0 0.02 0.06 0.1 0.32 0 0 0 0 0 0 0 0 0.02 0 0.06 0 0 0 0 0 0 0 0 0 0 0 0 0.02 0 0 0.02 0 0.04 0.02 0 0.02 0.02 0.02 0 0 0 0 0 0.32 0.2 0.4 0.04 0 0.08 0.1 0.2 0.16 0.08 0.02 0.06 0.22 0.04 0.2
0.08 0 0.08 0.06 0 0.04 0.02 0.06 0.02 0.02 0.14 0.06 0.12 0.1 0.04 0.14 0.16 0.12 0 0.14 0.02 0 0 0 0.08 0 0.02 0.02 0.02 0.06 0 0.1 0.12 0.22 0 0 0.06 0 0 0 0.04 0.15 0.08 0 0.02 0.02 0 0 0.1 0.04 0.02 0 0.04 0.08 0 0 0 0.02 0 0 0 0.02 0 0 0.04 0 0 0 0 0 0 0 0 0.02 0 0.02 0 0 0 0 0.02 0.46 0.5 0.26 0.14 0 0.08 0 0.06 0.04 0 0.06 0.02 0.02 0.44 0.34
0.1 0.1 0.04 0.12 0.14 0.14 0.04 0.18 0 0.06 0.06 0.08 0.02 0.02 0.02 0.04 0.12 0.02 0.02 0.06 0.04 0 0.02 0 0.02 0.02 0 0.02 0.04 0 0.04 0.02 0.04 0.06 0 0.02 0.08 0.04 0 0.04 0.02 0.2 0.1 0 0 0.04 0.02 0 0.26 0.06 0.06 0.12 0.16 0.16 0 0 0.04 0 0 0 0 0 0 0 0 0.04 0.02 0.04 0 0 0 0 0 0 0 0 0 0.02 0 0 0 0.18 0.18 0.02 0 0 0.14 0.28 0.12 0.06 0 0.2 0.04 0 0.34 0.32
0.04 0.04 0.02 0 0.02 0.04 0.02 0 0.02 0 0 0.02 0 0.04 0.02 0.02 0 0.02 0.02 0.02 0.02 0 0 0 0 0.02 0 0 0.04 0.06 0.1 0.16 0.12 0 0 0 0.26 0.16 0.02 0 0.02 0.06 0.06 0.04 0.1 0.14 0 0.04 0.18 0.02 0 0.08 0.18 0.3 0 0.02 0 0 0 0.02 0.06 0 0.02 0.04 0 0 0.02 0 0 0 0 0 0 0 0.02 0 0.02 0.04 0 0.02 0.04 0.06 0 0 0 0 0 0.54 0.24 0.11 0.02 0.02 0.14 0.18 0.4 0.2
0 0.02 0 0.02 0.02 0.02 0.04 0.06 0.04 0 0 0 0.02 0.02 0 0.04 0 0.12 0.08 0.02 0 0 0 0 0.08 0 0 0.08 0.18 0.02 0.2 0.16 0.14 0.03 0 0.04 0.02 0.04 0.08 0 0.15 0.12 0.12 0.02 0.04 0.06 0.12 0 0 0 0 0 0.02 0.38 0.18 0.04 0 0 0.02 0 0.02 0 0.02 0 0 0.04 0 0 0 0 0 0 0 0 0 0 0 0 0.08 0.1 0 0 0 0 0 0 0.02 0 0.09 0.1 0.04 0.12 0.08 0.5 0.26 0.3
0 0.02 0 0.04 0.02 0.04 0.1 0 0.06 0 0 0.02 0.04 0.04 0.02 0.02 0 0 0 0 0 0.1 0.04 0.08 0.02 0.02 0.04 0.1 0.12 0.18 0.08 0.04 0.02 0.04 0.06 0.06 0 0 0.06 0.04 0.12 0.04 0 0.02 0.02 0 0.08 0 0 0.02 0 0 0.04 0.28 0.72 0.38 0.16 0 0.04 0 0 0 0.02 0 0 0 0 0 0.08 0.04 0.02 0 0.02 0.22 0.22 0 0 0 0 0 0 0 0 0.02 0.02 0.24 0.16 0.12 0.04 0.02 0 0.02 0.1 0.28 0.56 0.34
0.08 0.04 0.02 0 0.12 0.02 0 0.12 0.2 0 0 0 0.08 0.04 0 0 0.02 0.02 0.14 0 0.02 0 0 0 0 0.04 0 0.04 0.18 0.14 0.1 0 0 0.06 0.08 0.02 0.02 0.16 0.04 0.04 0.08 0.07 0.02 0.06 0.08 0.06 0 0.02 0 0 0 0 0 0 0 0.48 0.78 0.12 0.02 0 0 0 0 0.02 0 0 0 0 0 0 0 0 0.08 0.4 0.06 0 0 0 0 0 0 0 0 0.01 0.04 0.14 0.18 0.18 0.34 0.08 0.1 0.06 0.22 0.02 0.28 0.4
0.06 0.2 0 0 0 0 0 0.02 0.06 0.04 0.04 0.08 0.04 0 0.06 0 0.02 0.02 0 0.1 0 0 0 0 0.06 0.12 0.04 0.02 0.02 0.06 0.08 0.06 0.06 0.04 0.06 0.08 0.14 0.08 0.12 0.08 0.04 0 0 0.08 0.1 0.04 0.08 0 0.02 0 0 0 0 0 0.02 0 0 0.5 0.36 0.12 0 0 0.02 0 0 0 0 0 0 0.06 0.16 0.06 0.22 0.2 0.02 0 0 0 0 0 0 0 0.02 0 0 0 0 0.02 0.26 0.04 0 0.12 0.16 0.2 0.1 0.24
0 0 0 0 0 0 0 0 0 0.08 0.02 0.04 0.04 0.2 0 0 0 0.04 0.02 0 0.04 0.02 0.08 0.14 0 0 0 0 0.02 0.06 0.06 0.02 0.16 0.06 0.02 0 0.02 0.26 0.26 0.12 0.15 0.16 0 0.04 0.08 0.02 0.06 0.02 0.1 0.08 0 0 0 0.04 0.02 0 0.04 0.22 0.64 0.26 0.02 0 0 0 0.04 0.3 0 0 0.12 0.36 0.34 0.32 0.28 0.08 0.04 0 0 0 0 0 0 0 0 0.04 0.06 0 0.02 0 0.32 0.14 0.18 0.06 0.12 0.26 0.06 0.04
0 0 0 0 0.12 0.1 0.06 0.02 0.02 0.04 0 0 0.04 0.08 0 0.02 0 0.04 0 0.12 0.04 0 0.08 0 0.02 0 0.06 0.06 0.1 0.08 0 0.18 0 0 0.04 0.04 0.04 0.02 0.04 0.13 0.18 0.38 0.12 0 0 0.02 0.04 0.02 0 0.08 0 0 0.04 0 0.02 0.04 0.02 0.22 0.08 0.12 0.16 0.02 0.2 0.06 0.24 0.14 0.1 0.28 0.32 0.4 0.66 0.24 0.08 0.44 0.2 0.02 0 0 0 0 0.06 0.04 0.08 0.4 0.36 0.02 0.36 0.22 0.18 0.14 0.02 0.1 0.13 0.04 0.04 0.02
0.04 0 0.02 0.12 0.06 0.02 0.02 0.06 0.1 0.08 0.02 0.02 0.14 0.06 0.06 0 0.04 0.04 0.08 0.14 0.18 0.04 0.04 0.08 0 0 0 0 0 0 0.02 0 0.02 0.06 0.02 0.02 0.12 0 0.06 0.04 0.19 0.22 0.42 0.1 0 0 0.04 0.04 0 0.04 0.02 0.04 0.16 0.02 0.04 0 0.04 0.22 0.08 0.06 0.06 0.04 0.12 0.14 0.1 0.06 0.1 0 0.02 0 0.04 0.14 0.14 0.12 0.3 0.18 0.02 0.06 0.02 0 0 0 0.3 0 0.56 0.26 0.52 0.16 0.12 0.04 0.06 0.02 0.04 0.04 0.14 0.1
0.04 0 0.08 0.16 0 0 0 0.22 0.14 0.14 0.1 0.02 0.04 0.12 0 0 0 0 0.02 0 0.04 0 0 0.02 0 0 0.02 0.06 0 0 0.04 0 0 0.02 0 0 0.08 0 0.02 0.06 0.04 0.16 0.26 0.13 0.03 0.04 0.02 0.02 0.02 0.08 0.04 0.02 0.12 0.12 0.04 0.14 0 0.14 0.1 0.12 0 0.14 0.04 0.14 0.09 0.1 0.1 0.02 0 0.04 0.02 0.18 0.22 0.18 0.22 0.48 0.2 0.08 0 0 0.22 0.14 0.48 0.14 0.1 0.32 0.64 0.52 0.04 0 0 0.06 0.06 0.04 0.42 0.12
0.02 0.06 0 0 0.08 0.02 0.14 0 0.1 0 0.04 0.12 0.06 0 0.02 0 0.06 0.02 0 0.1 0.14 0 0 0 0.02 0 0 0 0 0 0.08 0.02 0 0 0.02 0.02 0.08 0 0.2 0.08 0 0.02 0.18 0.26 0.14 0.02 0 0.02 0.06 0.02 0.04 0.06 0.06 0 0 0 0 0 0 0 0.04 0.02 0.04 0.06 0.1 0.02 0.18 0 0.04 0.14 0.12 0.12 0.06 0.12 0.56 0.28 0.26 0 0 0 0.34 0.32 0.5 0.34 0.22 0.16 0.04 0.02 0.06 0 0 0 0.02 0.06 0.06 0.02
0 0.02 0.08 0.02 0 0.1 0.04 0 0.06 0.18 0.04 0 0.06 0.06 0.16 0.12 0.16 0.02 0.16 0 0.08 0 0 0 0 0.04 0 0 0 0.02 0 0.1 0.02 0.02 0 0.08 0.02 0.06 0.02 0.1 0.04 0.04 0.1 0.1 0.26 0.04 0.06 0.04 0.04 0.08 0 0.02 0 0 0 0 0 0 0.02 0.06 0.04 0.04 0.12 0 0.08 0.04 0.12 0.08 0 0.42 0.3 0.06 0.06 0.14 0.18 0.22 0.42 0.16 0.02 0.02 0.06 0.04 0.82 0.18 0.14 0.14 0.02 0 0.06 0.08 0.04 0.02 0.08 0.02 0.06 0
0 0.08 0.06 0.08 0 0.1 0.1 0 0.02 0.16 0.04 0.08 0.06 0 0.04 0.02 0.14 0.04 0.1 0.16 0 0 0 0 0 0.24 0.04 0 0.02 0 0.02 0 0 0 0 0 0 0.08 0 0.04 0 0.04 0.1 0.06 0.22 0 0.06 0.12 0.04 0.06 0.09 0.02 0 0 0 0 0 0 0 0.02 0.1 0.12 0.15 0.12 0.16 0.3 0.34 0.54 0.12 0.16 0.26 0.12 0 0 0.1 0.26 0.24 0.26 0.02 0 0.02 0.04 0.58 0.28 0.12 0.16 0.24 0.2 0.12 0.06 0.02 0.18 0.1 0.16 0.08 0
0.14 0.2 0.02 0.02 0.08 0.06 0.06 0.02 0.04 0.06 0 0 0.1 0 0.04 0.18 0 0 0 0 0.02 0.02 0 0 0 0 0 0 0 0.04 0.02 0 0 0 0 0 0 0.04 0.02 0 0 0.02 0.02 0.21 0.13 0.04 0.1 0.14 0.02 0.02 0.14 0.04 0.1 0.04 0.02 0 0 0 0.1 0.06 0.06 0.04 0.04 0 0 0.22 0.52 0.48 0.68 0.34 0.1 0.18 0.04 0.12 0.26 0.7 0.16 0.16 0.13 0.22 0 0.1 0.42 0.02 0.12 0.06 0.06 0.38 0.4 0.06 0.12 0.16 0.04 0.04 0 0.14
0 0.02 0.02 0.1 0.02 0.22 0.24 0.02 0 0.04 0 0.22 0.06 0 0 0 0.06 0 0 0.04 0.02 0 0.02 0 0 0.06 0.06 0 0 0.06 0.04 0.02 0 0 0.02 0 0.06 0.02 0.02 0 0.02 0.06 0.08 0.18 0.35 0.02 0.08 0.02 0.04 0.06 0.1 0.06 0.02 0.06 0.08 0 0.04 0 0 0.14 0 0 0 0.06 0.06 0.2 0.14 0.36 0.12 0.54 0.1 0.06 0.24 0.2 0.88 0.18 0 0.2 0.12 0.2 0.02 0.36 0.5 0.22 0.06 0.1 0 0.3 0.14 0.18 0.16 0.3 0.04 0.06 0 0
0.04 0 0.02 0 0 0.16 0.06 0 0.04 0.1 0.02 0 0.02 0.02 0.06 0.02 0.06 0 0 0.08 0.02 0.1 0 0 0 0.02 0.02 0.04 0.04 0.02 0.12 0.02 0 0 0 0.04 0 0 0 0.02 0.06 0.04 0.02 0.02 0.14 0.13 0.02 0.1 0.2 0.16 0.02 0.02 0 0.02 0.04 0 0.02 0.12 0.18 0.1 0 0.04 0.1 0.04 0.04 0.24 0.52 0.32 0.06 0.34 0.04 0.1 0.18 0.68 0.5 0.34 0.08 0.14 0.34 0.1 0.02 0.14 0.44 0.06 0.24 0.4 0.26 0.22 0.16 0.44 0.54 0.04 0.04 0.06 0.16 0
0.14 0.04 0.04 0.02 0.02 0.02 0 0 0 0.08 0.08 0 0 0 0.04 0.22 0.04 0.02 0 0.04 0.06 0 0.02 0.06 0 0 0 0 0 0.02 0.02 0 0 0.02 0.02 0.02 0.02 0 0 0 0.02 0.06 0.02 0 0.06 0.41 0.08 0.1 0.29 0.06 0 0.02 0.04 0.02 0.04 0.08 0.2 0.02 0.04 0 0.04 0.06 0.18 0 0.02 0.18 0.06 0.2 0.08 0.26 0.22 0.34 0.34 0.32 0.64 0.38 0.3 0.26 0.24 0.02 0.32 0.24 0.48 0.18 0.2 0.18 0.3 0.14 0.04 0.08 0.08 0.1 0.02 0.04 0.08 0
0.02 0.16 0.06 0.08 0 0 0.02 0.02 0 0 0.04 0.1 0.04 0 0.04 0.22 0.22 0 0.02 0.08 0 0 0.04 0.02 0.02 0 0.02 0.04 0.02 0 0 0.02 0.02 0 0.02 0 0.02 0.02 0 0.02 0 0.02 0 0 0.06 0.14 0.08 0.14 0.06 0.02 0.1 0 0 0.02 0.07 0 0 0 0 0 0 0 0.02 0.02 0.06 0.3 0.32 0.08 0.3 0.2 0.2 0.18 0.34 0.36 0.28 0.28 0.1 0.04 0.16 0.1 0.18 0.24 0.24 0.08 0.36 0.3 0.14 0.16 0.04 0.04 0 0.1 0.04 0.06 0 0
0 0.02 0.06 0 0.1 0.06 0 0.04 0 0 0.02 0 0.04 0.22 0.1 0.28 0.14 0 0 0.04 0.02 0 0.06 0.02 0 0 0 0.04 0 0.02 0 0.04 0.1 0 0 0 0 0 0 0.04 0 0 0.02 0 0.1 0.16 0.04 0 0.08 0.08 0.1 0.18 0.03 0.08 0 0 0 0 0.04 0.04 0 0 0 0 0.04 0.16 0.12 0.14 0.64 0.28 0.12 0.44 0.24 0.2 0.12 0.1 0.2 0.08 0.08 0.04 0.18 0.14 0.1 0.24 0.28 0.2 0.02 0.08 0.04 0.22 0.3 0.46 0.32 0.16 0 0
0.04 0.12 0.04 0 0.04 0 0.02 0 0.02 0.04 0 0.08 0.06 0.04 0.02 0.08 0.04 0 0.06 0.04 0.04 0 0 0.06 0.14 0.08 0 0.02 0 0.04 0.06 0 0.06 0.04 0.06 0 0 0.04 0.02 0.04 0.02 0 0.06 0.14 0.05 0.1 0.07 0.12 0.04 0 0.12 0.24 0.02 0 0 0.16 0.02 0.04 0.02 0.06 0.06 0 0.04 0 0.12 0.08 0.02 0.04 0.1 0.16 0.22 0.16 0.04 0 0.02 0.08 0.18 0.04 0 0.02 0.16 0.16 0.08 0.12 0.1 0.5 0.02 0.02 0.04 0.06 0.08 0.32 0.04 0.18 0.08 0.06
0.06 0.04 0.04 0 0.1 0.02 0.02 0.04 0.2 0.04 0.14 0.14 0.04 0.02 0.2 0 0 0.08 0 0.02 0 0 0 0 0.04 0.04 0 0 0.08 0.12 0.02 0.06 0.04 0 0.06 0.04 0 0 0.02 0 0.04 0.02 0.03 0.06 0.04 0.06 0.04 0 0.08 0.02 0.04 0 0.34 0.06 0.06 0 0.02 0 0 0 0 0 0.04 0.02 0.04 0 0.02 0 0 0 0.02 0.12 0.1 0.08 0.04 0 0.04 0.02 0 0.02 0.06 0.04 0.06 0.04 0.4 0.06 0.06 0.02 0.06 0 0.02 0.14 0.14 0.06 0.04 0.04
0.1 0.12 0.34 0.48 0.12 0.02 0 0 0 0 0.06 0 0 0 0 0 0.02 0.1 0.12 0 0.02 0.02 0.02 0.06 0.02 0 0.1 0.04 0.08 0.06 0.06 0.06 0 0 0 0 0.02 0 0.02 0.04 0.16 0 0.19 0.15 0.02 0.08 0.08 0.08 0 0 0 0.02 0.04 0.02 0.11 0.06 0.02 0.02 0 0 0.01 0.04 0.04 0 0 0 0 0 0.02 0 0.08 0.06 0.1 0 0.02 0 0 0.02 0 0.04 0.02 0 0.04 0.2 0.12 0.12 0 0 0.06 0 0 0 0.1 0.02 0 0
0.02 0 0.08 0.18 0.08 0.06 0.06 0 0.04 0 0 0 0 0 0 0.04 0.04 0.12 0 0.02 0 0 0 0.02 0 0.1 0.04 0 0.06 0.04 0.04 0.02 0 0 0.04 0 0 0.02 0.04 0 0.02 0.12 0.12 0.06 0 0 0.02 0 0.02 0 0.02 0.06 0 0.02 0 0.02 0 0 0.06 0 0.06 0.02 0.04 0.02 0 0 0.02 0 0 0 0.04 0.04 0.04 0.02 0 0.02 0 0 0.02 0 0 0 0.06 0.06 0 0 0.06 0.1 0.02 0.02 0.02 0.14 0.04 0 0 0.06
0.08 0.06 0 0.02 0 0 0 0.04 0.1 0 0.04 0 0.04 0 0 0.12 0.08 0.06 0.1 0.02 0.06 0 0 0 0.06 0.06 0 0.04 0.02 0.04 0.06 0.02 0.04 0 0 0.02 0.02 0 0.06 0.02 0.04 0.34 0.16 0.1 0.02 0 0 0 0 0 0 0 0 0.06 0.04 0 0.04 0 0.02 0.02 0.02 0.04 0.02 0 0 0 0.02 0 0 0.08 0 0 0 0.02 0 0.04 0 0 0.02 0 0 0 0 0.06 0 0.02 0.02 0.04 0.02 0.02 0.12 0.16 0.16 0.08 0.24 0.02
0.52 0.34 0.06 0.08 0.02 0.04 0 0.02 0.04 0 0.1 0.02 0.1 0 0 0.16 0.08 0 0 0.02 0.02 0 0.02 0 0.04 0 0 0.06 0 0.12 0.02 0 0 0 0 0 0 0 0 0.08 0.02 0 0.18 0.24 0.02 0 0 0.04 0 0 0 0 0 0 0.1 0 0.08 0 0 0.04 0.02 0 0.02 0 0 0 0 0 0 0 0 0 0 0 0 0 0.02 0 0.04 0.02 0.02 0 0 0 0.02 0 0.02 0.02 0.06 0 0.08 0.12 0.24 0.22 0.06 0.18
0.16 0.36 0.1 0.2 0.02 0.02 0.04 0 0.02 0 0 0 0 0.06 0.02 0.06 0.08 0.02 0.02 0.02 0.04 0.04 0.04 0.12 0.04 0 0.02 0 0.02 0.02 0.02 0.02 0 0 0 0.02 0 0 0 0 0 0 0.16 0.3 0.14 0.04 0.02 0.02 0.16 0.04 0 0 0.04 0 0 0 0.02 0 0 0.02 0.06 0.02 0 0 0 0 0.04 0.02 0 0 0 0.04 0.02 0 0 0 0.03 0 0 0 0.02 0 0 0 0 0 0 0 0.02 0.02 0.04 0.06 0.06 0.34 0.12 0.04
0.04 0.1 0.04 0.06 0.02 0.18 0.08 0.02 0 0 0 0.02 0.02 0 0.04 0.02 0.04 0 0 0 0 0 0 0.02 0 0 0.12 0 0 0 0 0.04 0.02 0.02 0 0 0 0 0 0.04 0 0 0 0.34 0.14 0 0.02 0.04 0.08 0.1 0.08 0.04 0 0.02 0.02 0.12 0.06 0 0.02 0 0 0 0 0.02 0.04 0.02 0 0.02 0 0 0 0 0.08 0 0 0.02 0.06 0 0 0 0 0 0 0 0 0 0 0.04 0 0.02 0.16 0.1 0.14 0.1 0.12 0.18
0.1 0.02 0 0.12 0.22 0.08 0.12 0.02 0.04 0.02 0 0 0 0 0.08 0 0.04 0 0 0 0 0.02 0 0 0 0 0.04 0.08 0.02 0 0 0 0.02 0 0 0 0 0 0 0 0 0 0.04 0.04 0.18 0.2 0.04 0 0.1 0.18 0.04 0.04 0.06 0 0 0.1 0.06 0.02 0.04 0.02 0 0 0 0.02 0.02 0 0 0 0 0.04 0 0.02 0 0 0.04 0 0 0 0.02 0.04 0 0 0 0 0 0 0 0 0 0.02 0.08 0.02 0.12 0 0.1 0.16
0.33 0.52 0.19 0.03 0 0.05 0.05 0.04 0.02 0.02 0.02 0 0.02 0.04 0.02 0.04 0 0 0 0 0 0 0 0 0 0.04 0.04 0.06 0.04 0 0 0 0 0 0 0 0 0.08 0 0 0 0 0 0 0.04 0.24 0.08 0 0.08 0.02 0.06 0.02 0 0 0.06 0.06 0 0.02 0.04 0 0.06 0 0 0.02 0 0.04 0 0 0 0 0 0 0.02 0 0 0 0.04 0 0.06 0.02 0.02 0 0 0 0.04 0 0 0 0.04 0.04 0.02 0.04 0.14 0.06 0.02 0.02
1.18 0.9 0.42 0.31 0.11 0.23 0.01 0.04 0.06 0.12 0.46 0.42 0.18 0.06 0.16 0 0.06 0 0 0 0 0 0 0.02 0 0.08 0.18 0.08 0 0 0 0.06 0 0.02 0 0 0.04 0.02 0 0 0 0 0 0 0.1 0.42 0.16 0 0 0.04 0.06 0 0 0 0.02 0.02 0.06 0.02 0 0 0.04 0.02 0.02 0 0 0.02 0 0.04 0 0 0 0.02 0 0 0 0 0 0.02 0.02 0.04 0.02 0.02 0 0 0 0 0 0 0.12 0.24 0 0.04 0.1 0.12 0.06 0.06
1.46 1.44 0.5 0.17 0.01 0.27 0.31 0.08 0.04 0.06 1.06 1.3 0.2 0.5 0.19 0.06 0.06 0.06 0.04 0 0 0 0 0 0 0.06 0.1 0.22 0 0 0.02 0.02 0 0.04 0 0 0 0 0 0 0 0 0 0 0.16 0.04 0.14 0.02 0.02 0 0.02 0.02 0.04 0.04 0 0 0.04 0.02 0 0.08 0.08 0.2 0.04 0.02 0.02 0 0 0 0 0 0 0 0 0 0.04 0 0.04 0 0 0 0.18 0.2 0.06 0.08 0.04 0.02 0 0 0.02 1.14 0.08 0 0.14 0.08 0.12 0.12
0.5 0.54 0.42 0.6 0.31 0.38 0.3 0.18 0.04 0.15 0.58 0.62 0.12 0.04 0.06 0.04 0 0 0.04 0.08 0.04 0 0 0.04 0 0.14 0.13 0.02 0 0.04 0 0.04 0 0 0 0.04 0.06 0 0.02 0 0 0 0.02 0.04 0.12 0.1 0.46 0.04 0 0.02 0.04 0.1 0.04 0.08 0 0.02 0 0.04 0.08 0.06 0.02 0.1 0.04 0.02 0.04 0 0 0 0.04 0.04 0 0 0 0 0.08 0 0 0.02 0.04 0.06 0.16 0.06 0.06 0.06 0.08 0.08 0.06 0.02 0.08 0.02 0 0.02 0.06 0.08 0.2 0.34
0.42 1.52 0.84 0.72 0.94 0.34 0 0.14 0.36 0.43 0.31 0.17 0.02 0.02 0.04 0.06 0.04 0.08 0.02 0.02 0.08 0.04 0.02 0 0 0.2 0.52 0.02 0.04 0.04 0 0 0.04 0.02 0.02 0 0 0 0 0 0 0.02 0 0.18 0.31 0.12 0.1 0.02 0.02 0.02 0.14 0.06 0 0.02 0.1 0.04 0.1 0.04 0.1 0.1 0.06 0.08 0 0.06 0.1 0 0.1 0 0 0.04 0.02 0.02 0.06 0 0.04 0 0 0 0.24 0.02 0.08 0.1 0.04 0.06 0.06 0.22 0.18 0 0.12 0.22 0.06 0 0.06 0.4 0.32 0.72
0.28 0.42 0.18 0.5 1.1 0.6 0.16 0.24 0.22 0.17 0.08 0.06 0.06 0.06 0.04 0.14 0.08 0 0.18 0.22 0 0.1 0.06 0.02 0.22 0.33 0.12 0.02 0 0.02 0 0.02 0.06 0 0.04 0.06 0.02 0.04 0 0.14 0.02 0 0.02 0.02 0.22 0.32 0.06 0 0.04 0 0 0 0 0.02 0.14 0.06 0.04 0.04 0.04 0.08 0.06 0.08 0.08 0.08 0.04 0.06 0.02 0 0.06 0.02 0.02 0.04 0.04 0.06 0.08 0.04 0 0.22 0.26 0.02 0.04 0.08 0 0.02 0.02 0.04 0 0 0.1 0.02 0 0.12 0.66 0.34 0.2 0.9
0.16 0.07 0.02 0 0 0.6 1.5 1.04 0.54 0.16 0.02 0 0.02 0.15 0.04 0.06 0.08 0.16 0 0.02 0.02 0.08 0.14 0.24 0.19 0.28 0.02 0 0.02 0.02 0.22 0.02 0.02 0.02 0.08 0.04 0.02 0 0.08 0.12 0.04 0 0 0.04 0.36 0.16 0.02 0.02 0.08 0.06 0 0 0 0.06 0.06 0.04 0.08 0.02 0.04 0.08 0.02 0.08 0.2 0.02 0.02 0.06 0.02 0.02 0.02 0 0.04 0.14 0.06 0.06 0.04 0.02 0.12 0.1 0 0 0.02 0.04 0.04 0 0 0 0 0.1 0 0.06 0.04 0.22 0.2 0.78 0.52 0.56
0 0.06 0.16 0.08 0.08 0.4 0.8 1.14 0.74 0.43 0.24 0 0.04 0.23 0.08 0.04 0.04 0.02 0.2 0.17 0.02 0.14 0.18 0.45 0.31 0 0 0 0 0 0 0.02 0 0 0.02 0 0 0 0.04 0.06 0.18 0.04 0.06 0.18 0.36 0.08 0 0.02 0.04 0.1 0.08 0.16 0.18 0.08 0.02 0.08 0.04 0.14 0 0.04 0.06 0 0.06 0 0.08 0.02 0.02 0.02 0 0.02 0.08 0.18 0.04 0.16 0.02 0.02 0 0.02 0 0.04 0.14 0.06 0.08 0.06 0.06 0 0 0 0.02 0.12 0.04 0 0.46 0.66 0.1 0.36
0 0.18 0.1 0.1 0 0.04 0.58 0.98 0.88 0.14 0.05 0.17 0.11 0.24 0.05 0.09 0.3 0.14 0.08 0.16 0.11 0.16 0.18 0.14 0.06 0.02 0.04 0 0 0.02 0 0.02 0 0.02 0 0 0 0 0 0.12 0.16 0.04 0.06 0.22 0.06 0 0.02 0.06 0 0.06 0.1 0.18 0.08 0.22 0.08 0.02 0.04 0.1 0 0.02 0.02 0 0.02 0.08 0.08 0.02 0.02 0.04 0 0.1 0.28 0.06 0.1 0.04 0 0 0.02 0.12 0.18 0.02 0 0.04 0.02 0.08 0.14 0.04 0.1 0 0 0.02 0.04 0.02 0.16 0.22 0.24 0.08
0 0.02 0.02 0.16 0.04 0.34 0.24 0.26 0.86 1.08 0.06 0 0.2 0.49 0.35 0.33 0.22 0.32 0.2 0.22 0.14 0.26 0.04 0.12 0.38 0.14 0.06 0 0.02 0.02 0.06 0 0 0 0.02 0 0 0 0 0.06 0.08 0 0.22 0.26 0.24 0.02 0 0.12 0 0.04 0.1 0.08 0.12 0.08 0.08 0.16 0.24 0.04 0 0.02 0 0.06 0.04 0.12 0.08 0.02 0.1 0.1 0 0.06 0.38 0.32 0.08 0.14 0.08 0.02 0 0.1 0.06 0.08 0 0 0.04 0.08 0.06 0.04 0.06 0.04 0.08 0 0 0.26 0.38 0.22 0.04 0.16
0 0 0.08 0.06 0.02 0.08 0.22 0.4 0.88 1.12 0.94 0.26 0.24 0.44 0.24 0.96 0.44 0.16 0.06 0.14 0.23 0.34 0.02 0.06 0.06 0.18 0.16 0.04 0 0 0.06 0 0 0 0 0.02 0.06 0 0 0.04 0 0.02 0.02 0.1 0.46 0 0.04 0.08 0.04 0.1 0.04 0.24 0.2 0.16 0.02 0.14 0.02 0.2 0.02 0.02 0.12 0.02 0.06 0.02 0.2 0.02 0.1 0.02 0.06 0.06 0 0.14 0.04 0.04 0.25 0.18 0.02 0.04 0.06 0.12 0.04 0.14 0.04 0.2 0.34 0.6 0.12 0.24 0.04 0.08 0.12 0.22 0.28 0.26 0.3 0.42
0 0 0 0 0 0 0 0 0.14 0.5 0.5 0.62 0.62 0.78 0.98 1.2 0.49 0.34 0.19 0.09 0.3 0.3 0.04 0.1 0 0.24 0.14 0.24 0.02 0.02 0.06 0.02 0.02 0 0.04 0.02 0 0 0.02 0.06 0.06 0.06 0.04 0.06 0.16 0.29 0.06 0.12 0.1 0.22 0.1 0.12 0.06 0.24 0.26 0.18 0.12 0.12 0.2 0.08 0.12 0.06 0.04 0.06 0.02 0.02 0.06 0.02 0.04 0.02 0.16 0.2 0.26 0.02 0.06 0.04 0 0.1 0.1 0.1 0.1 0.04 0.28 0.64 0.4 0 0 0.16 0.16 0.34 0.06 0.18 0.18 0.46 0.6 0.2
0.06 0 0 0 0 0 0 0 0 0.26 0.2 0.46 0.5 0.34 0.42 1.2 1.3 0.3 0.08 0.13 0.27 0.18 0.29 0.08 0.1 0.08 0.02 0.12 0.04 0 0.02 0.04 0.02 0 0 0 0.02 0 0.02 0 0.14 0.32 0.06 0 0.21 0.32 0.04 0.28 0.1 0.26 0.12 0.1 0.3 0.1 0.1 0.1 0.06 0.06 0.12 0.1 0.12 0.06 0.04 0.08 0.18 0.02 0.04 0.08 0.02 0.18 0.16 0.06 0.08 0.02 0.18 0.06 0 0.06 0.1 0.04 0.1 0.08 0 0.04 0 0 0 0.18 0 0 0.12 0.66 0.82 0.34 0.46 0.54
0.4 0 0 0 0 0 0 0 0.14 0.3 0.6 0.24 0.14 0.92 1.02 1.34 0.76 0.21 0.07 0.29 0.12 0 0.15 0.17 0.02 0.1 0.04 0.02 0 0 0 0 0.02 0 0 0 0 0 0.1 0.04 0.02 0.08 0.12 0.16 0.64 0.66 0.16 0.1 0.08 0.08 0.2 0.28 0.32 0.12 0.12 0.06 0.08 0.08 0.08 0.12 0.06 0.06 0.06 0.18 0.02 0.08 0.1 0.06 0.04 0.1 0.22 0.06 0.22 0 0.12 0.04 0 0.08 0.08 0.02 0.1 0.1 0 0.02 0 0.06 0.02 0.4 0.08 0.06 0.22 0.28 0.3 0.26 0.86 0.16
