eomf-prod/eomf/data/ecohealth/ncropn.asc
ncols         992
nrows         717
xllcorner     68.144226
yllcorner     5.633471
cellsize      0.041667
NODATA_value  -9999
[rows 275 to 329 of 717, columns 576 to 671 of 992]
0.88 0.62 0.64 0.82 0.38 1.22 0.28 0.04 0.02 0.02 0.46 0.12 0.86 0.42 0.9 0.08 0.04 0.88 0.64 0.08 0.3 0.88 0.3 0.46 0.52 0.44 0.28 0.24 0.2 0.38 0.6 0.5 1.42 0.84 0.88 0.76 0.74 1.02 0.82 0.6 0.74 0.7 0.12 0.16 0.24 0.28 0.08 0.28 0.38 0.92 1.32 0.74 0.92 1 1.7 1.24 1.66 1.66 1.02 1.58 0.38 0.02 0 0.1 0.2 0.36 0.22 0.14 0 0 0.24 0.18 0.14 0.12 0.02 0.46 0 0 0.1 0.36 0.2 0.44 0.9 0.56 0.46 0.4 0.28 0.2 0.04 0.02 0.02 0.82 0.5 0.22 0.84 0.84
0.5 0.4 0.68 1.14 0.18 0.1 0.14 0.12 0.04 0.04 0.06 0.2 0.92 0.72 0.32 0.18 0 0.5 0.86 0.56 0.4 1.1 0.38 0.64 0.18 0.44 0.5 0.46 0.38 1.08 0.48 1.06 1.22 0.6 0.7 1.04 0.98 1.16 0.56 0.6 0.56 0.08 0.2 0.38 0.06 0.14 0.1 0.16 0.94 1.4 1.2 0.82 1.08 1.38 1.3 0.26 0.76 0.76 1.66 0.57 0.16 0.02 0.04 0.26 0.12 0.04 0.14 0.24 0.02 0 0.18 0.2 0.16 0 0.3 0.08 0 0.02 0.1 0.16 0.18 0.48 0.8 0.06 0.3 0.16 0.36 0.06 0 0.16 0.12 0.54 0.26 0.46 0.7 0.34
0.86 0.7 0.52 1.14 0.54 0.84 0.96 0.38 0.04 0.22 0.18 0.78 0.7 0.7 0.5 0 0.08 0.48 1.04 0.08 0.5 0.58 0.38 0.7 0.26 0.38 0.96 0.6 0.62 0.66 0.18 0.48 0.88 1 0.38 0.66 0.5 0.6 0.52 0.66 0.22 0.2 0.04 0.26 0.12 0.18 0.06 0.52 0.36 0.3 0.72 1.48 1.5 1.34 1.7 1.26 1.06 1.06 1.94 0.77 0.3 0 0 0.04 0.08 0.02 0 0.04 0 0 0.02 0.52 0.24 0.08 0.38 0.06 0 0.04 0.22 0.08 0.04 0.68 0.88 0.9 0.34 0.04 0.06 0 0.06 0.06 0.24 0.84 0.54 1.12 0.52 0.38
1.18 0.4 0.52 0.88 0 0.9 0.26 0.02 0 0.26 0.12 0.8 0.56 0.56 0.44 0.02 0.8 0.62 1.14 0.34 0.44 0.58 0.38 0.86 0.32 0.44 0.38 0.6 1.22 0.72 0.3 1.28 0.68 1.2 0.7 0.66 0.58 0.18 0.32 0.62 0.36 0.84 0.88 0.34 0.46 0.26 0.42 0.8 0.64 0.56 0.66 1.62 1.56 0.88 1.8 1.64 0.9 0.9 0.92 1.15 0.06 0.04 0 0.1 0.02 0.16 0 0 0 0 0.04 0.44 0.08 0.26 0.14 0 0.1 0.02 0.02 0.02 0.06 0.44 0.5 0.8 0.1 0.02 0 0 0.08 0 0.02 0.28 0.76 1.2 0.41 0.1
0.98 0.62 0.84 1.06 0.38 0.96 0.2 0 0.02 0.02 0.64 0.66 0.48 0.44 0.46 0.2 0.54 0.72 0.66 0.16 0.32 0.64 0.14 0.5 0.6 0.58 0.22 0.2 0.88 0.68 0.5 0.86 0.34 1.3 0.38 0.42 0.86 0.22 0.38 0.44 0.48 0.78 0.66 0.86 0.66 0.74 0.6 0.92 0.24 0.2 0.74 1.42 1.36 1.34 1.64 1.9 0.95 0.95 1.12 0.52 0.08 0 0.02 0 0 0 0 0 0 0 0.34 0.38 0.46 0.06 0 0.02 0.02 0 0.34 0.4 0.56 0.2 0.54 0.42 0 0.02 0.02 0 0.06 0.06 0.04 0.28 0.76 0.94 0.4 0.28
1.46 1.04 1.12 0.88 0.2 0.2 0.02 0.38 0.38 0.36 1.38 0.96 0.78 0.66 0.76 0.52 0.42 0.48 0.48 0.74 0.2 0.86 0.5 0.9 0.52 0.38 0.3 0.86 0.7 0.68 0.88 0.3 0.28 0.76 0.18 0.5 0.86 0.26 0.2 0.28 0.28 0.62 0.44 0.18 0.44 0.44 1.26 0.54 0.04 1.42 2 1.9 1.26 1.66 1.7 1.26 0.95 0.95 0.92 0.1 0 0.02 0.14 0 0 0 0 0 0 0.12 1 0.8 0.32 0.16 0.04 0.02 0.04 0 0.68 0.42 0.8 0.54 0.56 0.5 0 0 0 0 0.02 0 0 0 1.06 1.46 0.34 0.14
1.5 1 1.66 1.04 0.34 1.14 0.66 0.88 0.38 0.28 0.54 0.9 0.7 0.26 0.76 0.84 0.56 0.5 0.68 0.46 0.54 0.72 1 0.98 0.42 0.84 0.26 0.26 0.38 0.1 0.16 0.62 0.64 0.3 0.52 0.76 0.92 0.3 0.54 0.24 0.24 0.14 0.76 0.16 0.02 0.32 0.7 0.38 0.12 1.7 2 1.8 1.6 1.72 1.11 0.66 1.7 1.7 0.06 0 0.02 0.38 0.04 0 0 0 0 0 0 0.5 1.16 1.24 0.08 0.2 0.08 0.04 0.02 0.08 0.08 0.34 0.6 0.46 0.18 0.04 0 0 0.08 0 0.02 0 0 0.24 1.18 0.32 0.62 0.48
1.46 1.2 0.68 1.34 0.4 0.72 0.46 0.54 0.5 0.12 0.26 0.3 0.32 0.1 0.82 1.12 0.86 0.66 0.46 0.56 0.1 0.5 0.82 0.48 0.26 0.5 0.76 0.14 0.26 0.16 0.14 0.56 0.48 0.94 0.94 0.96 0.74 0.2 0.54 0.16 0.12 0.48 0.7 0.7 0.04 0.04 0.58 0.26 0.14 1.14 1.08 1.66 1.66 1.04 0.24 1.2 1.12 1.12 0 0 0 0.3 0 0 0 0 0.02 0 0.02 0.8 1.26 0.26 0.1 0.16 0.04 0.08 0 0.08 0.06 0.1 0.06 0.2 0.22 0.02 0.17 0.09 0.25 0.02 0 0.02 0.12 0.74 1.46 0.21 0.86 0.58
0.8 1.26 1.04 1.7 0.3 0 0.02 0.24 0.42 0.3 0.24 0.16 0.46 0.62 0.88 0.28 0.48 0.56 0.54 0.48 0.5 0.46 0.7 0.3 0.72 0.64 0.78 0.24 0.14 0.44 0.28 0.44 0.68 0.4 0.86 0.96 0.4 0.62 0.22 0.18 0.1 0.3 0.12 0.2 0.14 0.36 1.1 0.24 0.98 1.54 0.94 1.68 1.66 1.08 0.69 1.02 1.24 1.24 0.02 0 0.02 0.3 0 0.04 0.02 0.2 0 0 0.14 0.92 1.02 0.04 0 0.26 0.26 0.12 0.02 0 0 0.05 0.02 0 0.04 0.1 0.15 0 0 0 0 0 0.02 0.62 1.08 0.34 0.87 0.62
0.08 0.56 0.6 0.2 0 0 0.02 0.44 0.38 0.06 0.14 0.26 0.6 0.76 0.44 0.1 0.64 0.42 1.04 0.78 0.5 0.84 0.6 0.18 0.66 0.28 0.14 0.14 0.24 0.34 0.28 0.42 0.66 0.66 0.2 0.62 0.48 0.54 0.5 0.38 0.14 0.76 0.62 0.16 0.3 0.12 0.98 0.28 0.94 1.16 0.74 1.66 1.82 0.96 0.54 1.54 1.52 1.52 0.44 0.08 0.08 0.26 0 0 0 0 0 0 0.18 0.8 0.42 0 0.04 0.06 0.2 0.08 0 0 0.02 0.05 0.05 0.02 0 0.1 0 0 0 0 0 0 0.08 0.64 0.66 1.16 0.9 0.29
0.02 0.38 0.66 0.82 0.2 0 0 0.1 0.22 0.2 0.04 0.56 0.5 0.58 0.46 0.56 0.72 0.58 0.6 0.72 0.22 0.88 0.38 0.48 0.32 0.42 0.56 0.53 0.4 0.32 0.24 0.44 0.94 0.82 0.88 0.54 0.36 0.62 0.4 0.18 0.72 0.38 0.68 0.88 1.28 0.62 1.4 0.28 1.2 0.84 1.62 1.46 1.9 1.88 0.23 0.08 0.94 0.94 0.76 0.4 0.1 0 0 0 0.06 0 0 0.02 0.52 1.4 0.26 0.02 0.04 0.06 0.16 0 0 0.06 0.02 0 0 0 0.01 0 0 0 0 0 0 0.04 0 0.36 0.5 0.58 0.12 0.24
0.02 0.56 0.2 0.36 0.58 0.02 0.24 0 0 0 0 0.14 0.44 0.26 0.18 0.2 0.82 0.24 0.26 0.28 0.38 0.44 0.62 0.44 1.08 0.9 1.1 0.92 0.46 0.68 0.28 0.62 0.96 0.66 0.72 0.56 0.2 0.3 0.22 0.28 0.9 1.02 0.52 1.24 0.72 0.56 1.36 0.32 0.34 1.34 1 0.68 1.4 1.3 0.18 0.42 0.3 0.3 0.28 0 0.02 0 0 0 0 0 0 0.26 1.04 1.06 0.08 0 0.32 0.22 0.18 0.18 0 0.04 0.2 0 0 0 0 0 0.06 0 0 0.04 0.02 0.02 0 0.14 0.82 0.32 0.86 0.14
0.02 0.8 0.44 0.14 1.38 0.06 0.04 0.38 0 0 0.32 0.16 0.14 0.54 0.88 0.24 0.86 0.42 0.42 0.54 0.66 0.18 0.38 0.8 0.86 0.56 1.2 0.84 1.02 0.58 0.52 0.5 0.62 0.06 0.04 0.38 0.22 0.38 0.42 0.32 0.26 0.46 0.4 0.62 0.42 0.12 0.24 0.24 0.9 0.86 0.7 1.06 1.22 0.24 0.3 0.82 0.1 0.1 0.2 0 0 0 0.02 0.1 0.24 0.18 0.12 0.04 0.6 0.3 0.04 0 0.24 0.26 0.06 0.02 0.12 0.04 0.12 0.1 0.06 0.02 0 0.02 0.06 0 0 0 0 0 0 0.08 0.34 0.56 0.86 0
0 0.64 0.54 0.1 1.26 0.4 0.04 0.04 0 0.32 0.14 0 0.58 0.38 0.28 0.64 0.92 0.48 0.38 0.82 0.26 0.32 0.16 1 1.28 0.84 1.12 0.8 0.32 0.82 0.5 0.34 0.42 0.14 0.14 0.16 0.26 0.46 0.78 0.76 1.02 1.04 1.22 1.12 0.88 0.02 0.06 0.58 1.24 1.2 1.06 1.34 0.55 0.12 1.06 1.02 0.52 0.52 0.02 0.02 0 0 0.04 0.28 0.78 0.14 0.1 0.56 0.94 0.28 0.04 0.08 0.12 0.02 0 0.04 0.02 0.1 0.16 0.08 0.14 0.16 0 0 0 0 0 0 0 0 0.02 0 0.17 0.02 0.06 0.12
0.28 0.54 0.8 0.04 0.8 0.04 0.2 0.14 0 0.1 0.38 0.36 0.12 0.16 0.7 0.6 0.96 0.58 0.92 0.56 0.8 0.14 0.32 0.46 0.7 1.14 1.12 1.2 0.82 0.74 0.76 0.96 0.74 0.38 0.06 0 0.4 0.58 0.68 0.44 0.9 0.96 1.28 1.52 0.92 0.14 0.18 0.96 1.12 1.39 1.62 0.96 0.22 0.06 0.18 0.7 1.1 1.1 0.1 0.04 0.04 0.14 0.54 0.42 0.34 1.1 0.92 1.68 0.72 0.44 0.04 0 0.14 0.18 0.02 0.18 0.06 0.08 0 0.16 0.84 0.24 0.02 0 0 0 0 0 0 0 0 0 0.1 0.11 0.24 0.48
0.2 0.76 1.32 0.56 0.76 0.38 0.24 0.08 0.04 0 0.02 0.02 0.08 0.38 0.4 0.58 0.76 0.18 0.72 0.5 0.3 0.28 0.5 0.84 0.8 1.12 1.08 0.92 1 0.64 0.66 0.58 0.58 0.62 0.04 0.02 0.34 0.86 0.32 0.08 1.23 1.04 0.97 0.56 0.6 0.06 0.98 1.04 1.48 1.62 1.7 0.64 0.01 0.08 0.28 1.58 0.76 0.76 0.34 0.28 0.04 0.04 0.48 0.34 0.38 0.82 1.08 1.86 1 0.32 0.04 0 0.04 0.06 0.04 0.04 0.06 0 0 0.1 0.12 0 0 0 0 0 0 0 0 0 0.14 0 0.05 0.07 0.28 0.5
0.48 1.44 0.04 1.2 1.26 0.44 0.72 0.12 0.3 0.2 0.04 0 0.2 0.14 0.76 0.24 0.7 0.5 0.78 0.5 0.56 0.5 0.86 0.44 0.66 0.8 0.8 0.88 1.22 0.38 1.06 0.84 0.34 0.28 0 0.02 0.5 0.28 0.34 0.4 0.46 0.56 1.36 0.7 0 0.3 1 1.42 1.56 1.54 1.7 0.12 0.31 0.18 0.7 1.06 0.84 0.84 0.4 0.08 0.02 0.1 0.64 1.04 1.04 0.78 0.44 1.18 0.44 0.32 0.1 0.08 0 0 0.06 0.04 0 0.02 0.02 0.18 0.02 0 0 0 0 0.02 0 0 0.02 0 0 0 0.2 0.09 0 0.16
1.8 1.2 0 0.92 1.54 1.02 1.04 0.16 0.18 0.1 0.02 0.22 0.12 0.52 0.48 0.44 0.54 0.6 0.34 0.3 0.7 1.02 0.66 0.68 0.78 0.34 0.94 0.66 0.74 0.7 1.12 0.8 0.14 0.26 0.3 0.1 0.26 0.4 0.36 0.36 1 1.24 1.02 1.16 0 0.4 0.6 1.84 1.74 1.7 1.38 0.31 0.19 0.14 0.56 1.32 0.96 0.96 0.28 0.46 0.28 0.72 1.54 1.18 0.9 0.5 0.92 1.28 0.56 0.08 0.02 0 0 0 0 0.1 0 0 0 0 0 0 0 0 0 0 0 0 0 0 0 0 0.22 0.14 0.02 0
1.28 1.18 0.72 1.26 0.98 0.56 1.12 0.26 0 0.04 0.06 0.2 0 0.38 0.42 0.18 0.6 0.86 0.4 0.66 0.9 1.24 0.52 0.18 0.42 0.12 0.68 0.92 0.88 1.18 0.8 0.68 0.22 0.28 0.16 0.06 0.52 0.94 0.24 0.56 1.44 1.22 1.52 1.4 0 0.34 0.34 1.28 1.2 1.3 1.28 0.1 0.14 0 0.02 0.34 0.52 0.52 0.9 1.4 1.46 1.3 1.02 1.18 1.06 0.92 0.8 0.92 0.26 0.12 0.04 0.06 0.02 0.06 0 0.06 0.16 0.04 0.02 0 0 0 0 0 0 0 0 0 0 0 0 0.02 0.22 0.1 0.1 0.14
0.32 1.46 1.76 0.6 1.36 0.86 1.12 0.34 0.06 0 0.04 0.2 0.02 0.5 0.22 0.2 0.16 0.4 0.74 1.22 1.38 1.02 0.58 0.78 0.76 0.18 0.74 0.52 0.58 0.86 0.94 0.4 0.02 0.16 0.16 0.22 0.42 0.86 0.44 0.14 0.86 1.5 1.42 0.54 0 0.04 1.06 1.16 0.92 0.6 0.66 0.04 0.05 0 0.04 0.42 0.74 0.74 1.34 1.08 1.44 1.16 0.28 0.2 1.08 0.86 0.56 0.74 0.44 0.02 0 0 0 0 0 0 0 0 0 0 0 0 0 0 0 0 0.02 0 0 0 0.02 0 0.16 0.08 0 0.06
0.58 1.36 1.9 1.42 1.08 1.42 0.52 0.34 0.06 0.04 0.06 0 0.06 0.3 0.22 0.08 0.22 0.38 0.26 0.3 0.92 1 0.34 0.34 0.46 0.48 0.6 0.78 0.82 0.74 1.34 0.7 0.32 0.1 0 0.04 0.16 0.5 0.32 0.8 0.98 1.28 1.56 0.08 0 0 0.66 1.38 1.56 1.52 0.8 0.27 0.16 0 0.18 0.6 0.88 0.88 1.04 1.28 1.36 1.3 0.8 1.3 0.82 0.18 0.44 0.68 0.48 0 0 0 0 0 0 0 0.01 0.01 0 0 0 0 0 0 0 0 0 0 0 0 0 0.04 0.09 0.28 0.04 0.04
0.94 0.08 1.04 1.6 1.18 0.9 0.56 0.1 0 0.54 0 0.18 0.18 0.22 0.12 0.34 0.32 0.4 0.14 0.32 0.76 0.5 0.78 0.24 0.36 0.66 0.86 0.92 0.84 0.46 0.64 0.8 0.56 0.48 0.76 0.08 0.4 0.32 0.28 0.8 0.92 0.74 1.34 0.3 0 0.16 1.14 1.44 1.86 1.68 1.1 0.04 0.12 0 0.3 0.86 1.36 1.36 1.68 1.56 1.66 1.36 1.66 0.98 0.26 0.74 0.42 0.62 0.58 0.08 0 0 0.02 0 0 0 0 0 0.02 0 0 0 0 0 0 0 0 0 0 0 0 0 0.22 0.3 0.16 0
1.48 0.02 0.76 1.2 1.34 1.14 0.86 0.14 0 0.8 0.1 0.08 0.2 0.32 0.52 0.32 0.68 0.56 0.22 0.08 0.32 0.24 0.52 0.4 0.56 0.48 0.82 1.14 0.82 1.22 1.24 0.78 0.52 0.72 0.65 0.16 0.58 0.48 0.26 0.4 0.04 1.02 0.92 0.82 0 0.68 0.9 1.5 1.8 1.62 0.68 0.2 0.13 0.04 0.2 1.1 1.58 1.58 1.56 1.84 1.56 1.16 0.68 0.4 0.26 1.18 0.46 0.78 0 0.02 0 0.02 0 0 0 0 0 0 0.02 0 0 0 0 0 0.04 0 0 0 0 0 0 0 0.13 0.06 0 0
0.82 0.02 1.02 1.4 1.48 1.72 1.16 0.68 0.02 0.7 0.56 0.08 0.38 0.14 0.42 0.38 0.6 0.5 0.38 0.36 0.62 0.28 0.92 0.48 0.72 0.58 0.6 1.04 0.82 1.24 1.28 1.34 0.66 1.04 0.9 0.4 0.34 0.36 0.4 0.06 0.46 0.58 0.27 1.22 0.18 0.86 0.62 1.3 1.22 1.5 0.96 0.8 0 0.16 0.16 1.08 1.88 1.88 1.72 1.8 0.84 0.68 1.42 1.52 0.84 1.54 0.66 0.54 0.14 0.08 0.04 0.04 0.06 0.02 0 0.04 0 0.02 0.22 0.02 0 0 0 0 0 0 0 0 0 0 0 0 0.07 0.02 0 0.02
0.24 0 0.5 1.38 1.62 1.76 1.42 1.34 0.72 0.02 0.44 0.04 0.26 0.64 0.68 0.36 0.3 0.64 1.12 0.28 0.38 1.06 0.94 0.64 0.32 0.54 0.88 0.62 0.74 1.04 1.04 0.82 0.46 0.8 0.42 0.22 0.6 0.52 0.42 0.28 0.48 0.84 0.76 1.34 0.06 0.54 0.6 1.52 1.26 1.42 1.24 0.32 0.06 0.04 0.2 0.82 1.88 1.88 1.84 1.98 0.58 0.5 1.04 1.66 0.92 0.66 0.14 0.28 0.48 0.46 0.02 0.02 0.02 0.08 0.42 0.22 0.36 0.04 0.1 0.02 0 0 0 0 0 0 0 0 0 0 0 0 0.06 0 0 0.02
0.12 0 0.76 1.54 1.56 1.34 1.22 1.54 1.5 1.12 1.18 0.2 0.26 1.04 0.38 0.7 0.66 1.42 1.22 0.4 0.42 0.84 0.74 1.22 0.68 0.4 0.72 0.5 0.76 0.98 1.02 0.64 0.62 0.86 0.56 0.18 0.04 0.3 0.22 0.18 0.8 0.88 0.76 1.18 0.3 0.68 0.76 0.82 1.76 1.34 1.54 0.48 0.28 0.05 0.04 0.88 1.36 1.36 1.7 1.04 0.38 0.22 0.34 0.58 0.28 0.02 0.06 0.56 0.86 0.12 0 0.04 0 0.08 0.24 0.36 0.18 0.02 0.04 0.12 0.1 0 0 0 0 0 0 0 0 0 0 0 0.01 0.02 0 0.06
0.13 0 1.08 1.68 1.54 1.2 1.42 1.34 1.62 1.56 1.08 0.42 0.28 1.16 0.88 0.66 0.66 1.46 1.72 0.82 0.42 0.82 0.7 0.7 1.32 0.56 1.3 0.56 1.04 1.1 1.44 0.32 0.1 0.34 0.14 0.14 0.22 0.32 0.18 0.28 0.36 1.36 0.7 0.78 0.08 1.1 0.92 1.1 1.6 1.16 1.44 0.5 0.44 0.2 0.12 0.3 0.98 0.98 0.58 0.34 0.14 0.08 0.14 0.12 0 0 0.54 0.76 0.36 0 0 0.06 0 0.04 0.22 0 0 0.06 0.16 0.06 0.12 0 0 0 0 0 0 0 0 0 0 0 0.07 0 0 0.22
0.38 0 0.84 1.66 1.28 1 1.32 1.68 1.68 1.64 0.92 0.92 0.42 1.28 0.6 1.3 1.26 1.48 1.04 0.88 0.64 0.72 0.7 0.56 0.68 0.68 1.24 0.72 1.26 1.04 0.9 0.94 0.04 0.26 0.18 0.02 0.04 0.14 0.26 0.24 0.7 0.96 0.9 0.7 0 0.22 0.4 0.22 1.46 0.74 1.42 0.86 0.78 0.74 0.06 0.14 0.19 0.19 0.27 0.2 0.17 0.06 0.04 0.28 0 0.04 0.08 0.16 0 0 0 0 0.08 0.1 0 0.02 0 0 0.02 0.1 0.18 0 0 0 0 0 0 0 0 0 0 0 0.02 0.04 0 0.28
0.98 0.1 0.49 1.78 1.34 0.7 1.5 1.52 1.7 1.76 1.46 1.4 1.02 0.46 1.12 0.76 0.2 0.58 0.82 0.88 0.64 0.7 0.54 0.32 0.46 0.62 0.62 1.18 0.98 0.64 0.72 0.96 0.1 0.16 0.34 0.3 0.14 0.14 0.48 0.34 0.8 1.24 1.42 0.32 0 0.04 0.34 0.48 1.78 1.08 0.66 1.62 0.48 1.12 0.04 0 0.06 0.06 0.14 0.28 0.64 0.14 0.19 0.1 0.18 0.06 0 0.08 0 0 0 0 0 0.08 0.06 0 0 0 0.02 0.02 0.14 0 0 0 0 0 0 0 0 0 0 0 0.11 0 0 0
1.06 0.42 0.18 1.42 1.62 0.56 1.3 1.4 1.08 1.4 1.72 1.68 0.66 0.66 0.2 0.92 0.62 0.54 0.44 0.94 1.04 0.68 0.64 0.5 0.56 0.72 0.38 0.78 0.86 0.82 0.68 0.82 0.24 0.4 0.04 0.34 0.26 0.34 0.18 0.14 0.4 1.24 0.9 0.18 0.06 0.08 0.26 0.34 0.74 1.58 1.12 1.76 0.5 1.14 0.36 0.12 0.16 0.16 0.36 0.44 1.42 0.12 0.08 0 0 0 0 0 0 0 0 0 0 0 0 0 0 0.06 0.02 0 0 0 0 0 0 0 0 0 0 0 0 0.08 0.05 0 0 0.14
1.32 1.26 0.12 0.76 1.64 1.02 1.36 1.28 1.42 1.5 1.52 1.04 0.5 0.86 0.74 0.3 0.84 0.14 0.42 1.1 1.44 0.66 0.3 0.48 0.96 1.52 0.72 0.54 1.1 0.58 0.62 0.92 0.08 0.08 0.1 0.34 0.28 0.44 0.24 0.26 0.44 1.8 1.42 0.56 0 0 0.68 0.62 1.68 1.88 1.28 1.92 1.02 0.96 0.54 0.24 0.02 0.02 0.4 0.56 1.36 0.27 0.1 0 0.02 0 0 0 0.02 0 0 0 0 0 0 0 0 0 0 0.13 0 0 0.01 0 0 0 0 0 0 0 0 0 0.02 0 0 0.5
0.61 1.02 0.63 0.46 1.2 0.92 1.2 1.72 1.28 1.5 1.36 1.18 0.48 0.16 0.12 0.22 0.34 0.28 0.64 1 1.14 0.34 0.18 0.46 0.26 0.66 1.2 0.98 1.18 1.12 0.52 0.16 0.26 0.06 0.08 0.6 0.54 0.56 0.38 0.3 1.2 1.64 0.82 0.72 0 0 0.86 0.68 1.76 1.62 1.34 1.22 1.02 0.44 1.06 0.32 0.1 0.1 0.06 0.2 0.78 0.86 0.23 0.09 0 0 0 0 0.02 0 0 0 0 0 0 0 0 0 0 0.04 0.49 0 0 0 0 0 0 0 0 0 0.03 0.02 0.02 0 0 0.56
0.08 0.62 0.92 1.05 0.74 1.28 1.1 1.54 1.24 1.42 1.78 1.42 1.02 0.1 0.06 0.84 0.48 0.38 0.24 0.7 0.94 0.46 0.44 0.82 1.08 1.14 1.08 0.72 1.42 1.34 0.9 0.12 0.04 0 0.14 0.24 0.32 0.34 0.28 0.54 1.47 0.8 1.42 0.46 0 0 0.54 0.28 1.7 1.68 0.92 1.12 0.9 0.44 0.82 0.36 0.22 0.22 0.02 0.62 1.4 0.52 0.04 0.08 0 0 0 0.02 0 0 0 0 0 0 0 0 0 0 0 0.31 0.02 0 0 0 0 0 0.02 0 0 0 0.07 0 0 0 0 0.06
0.04 0.18 0.8 1.26 1.34 1.54 1.36 1.26 1.3 1.36 1.76 1.46 1.14 0.5 0.14 0.24 0.86 0.58 0.38 0.9 0.72 0.52 0.58 1.2 1.24 1.7 1.32 1.36 1.42 1.7 0.96 0.34 0.18 0 0 0.26 0.78 0.34 0.46 1.12 0.98 1.14 0.92 0.18 0 0 0.24 0.36 1.34 1.82 1.52 0.92 1.36 1.46 0.88 0.68 0.1 0.1 0.14 0.84 1.12 0.28 0.08 0.12 0 0.04 0 0 0 0 0 0 0 0 0 0.02 0 0 0 0.16 0.24 0.06 0 0 0 0 0 0 0 0 0.03 0.02 0 0 0 0.02
0.1 0.41 1.34 1.14 1.38 1.48 1.74 0.76 1.36 0.62 1.42 1.12 1.06 0.08 0.1 0.3 0.32 1.14 0.96 1.22 1.28 1.48 1.4 1.58 0.96 1.44 1.5 1.06 1.06 1.36 0.92 0.46 0.08 0 0.06 0.34 0.4 0.34 0.2 1.3 1 1.18 1.24 0.24 0.01 0 0.24 0.02 1.1 1.6 1.42 0.8 1.12 1.58 1.04 0.44 0.12 0.12 0.72 1.14 0.96 0.06 0.06 0.04 0 0.06 0 0 0 0 0 0 0 0 0 0 0 0 0 0 0.2 0.26 0 0 0 0.03 0 0.02 0.01 0 0 0.07 0.03 0 0 0
0.56 0.2 1.28 1.38 1.68 1.36 1.14 1.38 1.4 1.3 1.68 1.7 1.16 0.12 0.12 0.24 1.2 1.3 1.1 0.96 1.04 1.36 1.42 1.04 0.98 1.34 1.6 1.16 0.84 1.2 0.8 0.26 0.18 0 0.16 0.4 0.22 0.7 0.92 1.12 1.22 1.44 0.96 0.12 0 0 0.32 0.1 0.16 1.46 1.68 1.2 1.72 1.6 0.82 0.02 0.02 0.02 0.94 0.62 0.72 0.76 0 0.02 0.1 0 0 0 0 0 0 0 0 0 0 0 0.02 0 0.01 0 0.36 0.38 0 0 0 0 0 0 0 0.01 0 0 0.15 0.12 0.04 0
0.6 0.23 0.71 0.34 0.9 1.46 1.2 1.4 1.44 1.26 1.36 1.38 0.76 0.46 0.44 1.34 1.46 1.04 1.34 1.16 1.46 1.16 1.02 1.42 1.4 1.4 1.26 0.7 1.38 1.14 0.54 0.46 0.34 0.2 0.2 0.61 0.9 1.19 0.84 1 0.64 1.38 1.28 0.56 0 0 0.12 0.4 0.52 1.02 1.86 1.16 1.84 1.76 1.36 0.16 0.06 0.06 0.54 1.08 0.34 0.94 0.24 0.02 0.05 0 0 0 0 0 0 0.01 0 0.02 0.02 0 0.03 0 0 0 0.28 0.63 0.07 0 0 0 0 0 0 0 0 0 0.29 0.44 0.16 0
0.98 0.78 1.48 1.18 1.16 1.38 1.72 1.3 0.94 1.28 1.26 1.4 0.46 0.42 0.06 0.38 1.5 1.22 1 1.22 1.12 1.26 0.78 1.06 1.68 1.4 1.28 0.3 1.22 0.78 0.52 0.48 0.42 0.02 0.06 0.52 0.94 1.62 1.18 1.06 0.88 1.24 0.36 0.14 0 0 0.06 0.06 0.34 0.3 1.64 0.82 1.42 1.66 1.56 0 0.04 0.04 0.52 0.72 0.02 0.1 0.12 0 0.15 0.06 0 0 0 0 0 0.04 0.28 0 0 0 0 0 0 0.05 0.02 0.42 0.12 0 0 0 0 0 0 0 0 0.03 0.18 0.46 0.16 0
0.8 1.72 1.62 1.16 0.62 0.94 1.86 1.54 1.4 1.1 1.34 0.92 0.98 0.66 0.04 0.48 1.02 1.14 1.32 1.04 0.82 0.26 0.86 0.46 1.36 1.4 0.48 0.5 0.8 0.5 0.5 0.4 0.34 0.52 0.35 0.42 0.68 1.14 1.48 1.32 1.02 1.74 0.2 0.4 0 0 0.38 0.14 0.28 0.54 1.64 1.56 1.44 1.16 1.53 0.2 0 0 0.12 0.52 0 0.04 0 0 0 0.02 0 0.1 0 0.02 0 0.02 0.12 0 0 0 0 0 0.04 0.06 0 0.48 0.8 0.58 0.06 0.06 0 0 0.04 0 0 0.06 0.48 0.8 0.54 0
1.08 1.1 1.6 1.24 1.1 0.86 1.26 1.52 1.1 0.62 1.1 1.34 1.3 0.92 0.26 0 0.68 0.76 0.88 1 0.8 0.86 0.7 1.28 1.22 0.84 0.88 1.4 0.9 0.72 0.5 0.5 0.3 0.38 0.6 0.32 0.34 1.26 1.78 1.82 1.64 1.46 0.16 0.04 0 0 0.42 0.24 0.04 0.84 1.86 1.5 1.62 1.52 1.16 0.26 0.02 0.02 0.12 0.06 0 0 0 0 0 0 0.02 0.09 0 0.12 0.06 0 0 0 0 0 0 0 0 0 0.02 0.1 0.22 0.14 0.22 0.06 0.04 0 0.13 0 0 0 0.18 1.14 0.54 0
1.14 0.98 0.76 1.62 1.42 1.2 1.36 1.46 1.18 1.7 1.56 1.78 1.16 1.2 0.64 0.42 0.48 0.5 0.46 0.76 1.08 1.62 1 0.72 1.18 1.22 0.9 0.78 0.46 0.2 0.56 0.98 0.14 0.44 0.26 0.66 1.06 1.26 1.48 1.72 1.32 0.1 0.02 0.04 0 0 0 0.3 0.22 0.96 1.94 1.14 1.36 1.62 0.46 0.12 0.02 0.02 0.06 0.06 0 0.06 0 0 0 0 0 0 0.1 0.05 0 0.02 0 0 0 0 0 0 0 0 0 0 0.76 0.36 0.11 0.02 0.02 0.1 0.08 0 0 0 0.12 1.48 0.76 0.36
0.88 1.84 0.92 1.56 1.18 1.48 1.68 1.5 1.4 1.66 1.6 1.78 1.22 1.08 0.56 0.78 0.4 0.42 0.42 0.84 1.58 1.34 1.32 0.92 1.1 0.84 0.86 1.22 0.82 0 0.22 0.76 0.18 0.4 0.08 0.42 0.62 0.48 0.58 0.58 1.7 0.12 0 0 0 0 0 0.38 0.08 1.2 1.9 1.68 1.36 1.88 0.72 0.32 0.08 0.08 0.18 0.04 0 0.02 0 0 0 0 0 0 0.06 0.02 0.02 0.04 0.04 0 0 0 0 0 0 0 0 0 0.22 0.98 0.13 0.05 0.02 0.1 0 0 0 0 0.04 0.72 0.5 0.32
1.34 1.86 1.38 1.6 1.04 1.16 1.26 1.56 1.28 1.6 1.6 1.76 0.58 0.9 1.12 0.8 0.66 0.6 0.4 0.58 0.5 0.86 0.8 1.44 1.18 0.66 0.34 1.4 1.42 0.06 0.54 0.84 0.22 0.36 0 0.12 0.5 1.08 1.26 1.58 1.46 0 0 0 0 0 0.08 0.28 0 0.42 1.4 1.72 1.88 1.9 1.58 0.9 0.34 0.34 0.3 0.12 0.1 0.22 0 0 0 0 0 0.02 0 0.02 0 0.02 0.08 0 0 0 0 0 0 0 0 0 0.02 1.01 0.2 0.32 0.04 0.03 0.02 0 0 0.04 0.09 0.36 1.38 0.76
0.74 0.84 1.14 1.58 0.9 1.42 1.44 1.38 1.48 1.28 1.44 0.82 1.08 1.26 1.08 0.64 0.1 0.18 0.16 0.3 0.32 0.7 0.24 0.72 1.1 1.18 0.66 0.4 0.66 0.2 0.24 0.44 0.78 0.54 0.06 0.18 1.18 1.26 1.1 1.6 0.58 0.02 0 0 0 0.04 0.18 0.02 0.02 0.32 1.4 1.44 1.78 1.8 1.46 1.14 0.4 0.4 0.14 0.14 0.02 0.04 0.04 0 0 0 0 0 0 0.1 0.14 0.08 0.08 0 0 0 0 0 0 0 0 0 0 0.3 0.3 0.1 0.06 0.02 0.02 0 0 0.06 0.08 0.48 1.14 0.46
1.06 0.7 1.6 1.48 1.1 1.6 1.46 1.4 1.56 1.14 1.5 1.36 1.8 0.6 1 0.34 0.56 0.2 0.4 0.2 0.74 0.8 0.68 0.58 1 1.36 0.94 1.34 1 0.4 0 0.2 0.2 0.28 0.06 0.46 1.26 1.28 1.68 1.36 0.28 0 0 0 0 0.04 0.36 0.16 0.02 0.38 0.9 1.68 1.94 1.8 1.24 0.32 0.92 0.92 0.04 0.04 0.02 0.02 0.02 0.02 0 0 0 0 0 0 0.04 0.02 0.06 0 0 0 0 0 0 0 0 0 0 0.02 0.08 0.04 0.06 0.26 0 0 0.04 0.05 0.09 0.56 1.01 1.06
0.82 1.34 0.96 1.38 1.64 1.78 1.28 1.16 1.72 1.26 1.54 1.26 1.12 0.4 0.8 0.4 0.38 0.14 0.2 0.24 0.18 0.74 0.84 0.66 0.82 1.6 1.36 1.1 0.68 0.4 0.18 0.26 0.16 0.16 0.1 0.38 0.44 0.83 1.18 1.28 0.22 0 0.02 0 0 0 0.02 0.1 0.02 0.08 0.2 1.76 1.66 1.68 1.34 0.08 0.12 0.12 0.1 0 0 0 0 0.06 0.04 0.02 0.04 0.04 0 0.02 0.14 0.02 0.02 0 0 0 0 0 0 0 0 0 0.02 0 0.28 0 0.04 0.06 0 0.04 0.1 0.02 0.06 0.5 1 0.58
1.6 1.76 1.42 1.12 1.64 1.28 1.3 1.26 1.34 1.52 1.42 1.42 1 0.54 0.48 0.4 0.62 0.08 0.1 0.08 0.26 0.44 1.16 0.94 0.71 1.2 1.08 1.02 1.22 0.54 0.34 0.26 0.16 0.26 0.42 0.18 0.16 0.6 1.1 1.72 0.46 0 0 0 0 0 0.04 0.08 0 0.02 0.1 0.64 0.1 1.32 1.48 0 0.04 0.04 0.06 0.04 0 0 0 0.02 0 0.1 0.22 0.3 0 0 0 0.16 0.11 0.02 0 0 0 0 0 0 0 0.02 0 0.02 0.14 0.1 0 0 0 0.01 0.18 0.12 0.06 0.2 1.06 0.22
1.06 1.34 1.44 1.12 1.06 1.04 1.18 1.78 1.68 1.42 1.32 1.62 1.24 0.88 0.4 0 0.16 0.08 0.42 0 0.88 0.6 0.84 0.62 0.34 0.84 0.96 1.12 1.16 0.72 0.54 0.3 0.26 0.52 0.7 0.3 0.62 0.95 0.81 1.5 0.4 0.02 0.18 0.02 0 0 0.04 0.02 0 0.04 0.1 0.24 0.04 1 1.56 0 0.08 0.08 0 0.06 0 0 0.02 0.06 0.04 0.1 0.2 0.1 0 0 0 0.02 0.13 0.8 0.14 0 0 0 0 0 0 0 0.06 0 0.39 0.1 0 0 0 0.05 0.11 0 0 0.21 1 0.4
0.38 1.64 1.32 1.36 1.28 0.92 1.06 1.38 1.32 1.62 1.68 1.24 1.42 0.74 0.74 0.08 0.44 0.04 0.12 0.06 0.48 0.2 0.16 0.3 0.94 0.48 0.7 0.7 0.58 0.5 0.38 0.9 0.56 0.54 0.82 0.38 0.48 0.94 1.18 0.98 0.18 0.06 0.04 0 0 0 0.02 0 0 0 0.18 0.5 0 0.74 1.26 0.04 0 0 0 0 0 0 0 0 0.1 0.06 0.04 0.1 0 0 0 0.02 0.16 1.48 0.3 0.02 0 0 0 0 0 0 0.02 0.04 0.16 0.3 0 0 0 0.01 0 0 0 0.2 0.62 0.22
0.26 1.62 1.46 1.52 1.32 1.18 1.34 1.02 1.16 1.48 1 0.52 0.24 0.74 1.74 0.58 0.68 0.9 0.08 0.1 0.22 0.16 0.74 0.68 0.96 0.58 1.14 0.58 0.64 0.84 0.48 0.3 0.56 0.42 0.38 0.74 0.58 0.56 0.3 0.38 0 0.06 0 0 0 0 0 0 0.02 0 0.06 0.72 0 0.64 0.98 0 0 0 0 0 0 0 0 0.02 0.06 0.26 0.04 0 0 0 0 0 0.17 1.08 1.12 0.1 0 0 0 0 0.04 0.04 0 0.04 0.14 0.32 0.14 0 0 0.02 0 0.02 0 0.21 0.14 0.02
0.36 1.22 1.44 1.4 0.96 1.52 1.9 1.16 1.46 1.32 1.46 0.24 0.48 0.62 1.54 1 1.14 1.08 0.96 0.08 0.22 0.68 0.48 0.42 0.4 0 0.56 0.96 0.28 0.08 0.36 0.56 0.37 0.52 0.34 0.54 0.8 0.56 0.32 0.8 0.06 0.02 0 0 0 0 0.08 0 0 0 0.1 0.24 0 0.24 0.92 0.02 0.04 0.04 0 0.1 0 0.02 0.06 0 0.2 0.16 0 0 0 0 0 0 0.05 0.2 1.46 0.48 0 0 0 0 0.3 0.22 0.02 0.12 0.28 0.2 0.12 0.1 0.2 0.1 0.38 0.22 0.02 0.12 0.32 0
1.28 1.44 1.38 1.58 1.48 1.2 1.48 1.36 1.12 1.22 1.38 0.54 0.9 1.08 1.5 1.06 0.48 0.56 0.82 0.12 0.2 0.24 0.32 0.48 0.22 0.46 1.02 1.34 0.4 0.66 0.14 0.42 0.42 0.81 0.44 0.68 0.7 0.74 0.74 1 0.58 0.24 0.08 0 0 0.02 0 0 0 0.02 0.02 0.9 0.02 0.32 0.42 0 0.06 0.06 0.18 0 0 0.1 0.04 0.08 0.08 0.04 0 0 0 0 0 0.02 0.1 0.42 1.24 0.36 0 0 0 0.03 0.39 0.19 0.34 0.12 0.06 0.02 0 0 0.06 0.7 0.88 0.56 0.24 0.92 0.26 0.06
0.6 1.4 1.82 1.74 1.44 1.24 0.9 1.48 1.2 1.18 1.22 0.96 1.26 1.36 1.48 1.62 0.4 0.2 0.76 0.4 0.42 0.26 0.24 0.28 0.04 0.1 0.74 1.46 0.52 0.92 0.72 0.5 0.13 0.63 0.86 0.4 0.44 0.58 0.44 0.54 0.12 0.82 0.16 0 0 0 0 0.06 0 0 0.06 0.84 0.14 0.96 0.38 0.1 0 0 0.04 0 0.02 0 0 0 0.04 0.04 0 0.02 0.02 0 0 0 0.06 0.09 0.8 0.02 0 0 0 0.04 0.65 0.64 0.24 0.02 0 0 0 0 0 0.08 0.22 0.69 0.66 0.96 0.36 0.96
0.58 0.96 1.66 1.9 1.46 1.6 1 1.06 1.2 1.32 0.76 0.44 1.54 1.64 1.68 1.84 0.86 0.2 1.22 0.4 0.2 0.42 0.46 0.26 0.2 0.54 0.96 0.86 0.96 0.78 0.86 0.64 0.14 0.08 0.2 0.42 0.44 0.42 0.36 0.42 0.84 1.44 1.02 0.22 0 0 0.02 0 0 0 0.08 0.64 0.3 0.64 0.24 0.06 0 0 0 0 0 0 0 0 0 0 0 0 0 0 0 0 0.05 0.19 0.14 0 0 0.02 0.66 0.12 0.46 0.36 0.04 0 0 0 0 0 0 0 0 0.06 0.34 0.28 0.14 0.6
1.32 0.34 0.56 1.66 1.72 1.38 1.14 1.28 1.42 1.38 0.82 0.04 1.46 1.6 1.86 1.6 1.2 0.76 1.5 0.42 0.34 0.02 0.16 0.68 0.34 0.38 0.62 0.84 1.08 0.58 0 0.02 0.1 0.04 0.38 0.64 0.64 0.44 0.36 1.14 0.48 1.06 1.14 0.94 0 0 0 0 0.04 0 0.02 0.6 1.48 0.22 0.12 0 0 0 0.04 0 0 0 0 0 0 0 0 0 0 0 0 0 0 0.06 0.08 0 0.02 0.56 0.84 0.04 0.36 0.02 0 0 0 0 0 0 0 0 0 0.08 0.12 0.14 0.02 0.06
