eomf-prod/eomf/data/ecohealth/ncropn.asc
ncols         992
nrows         717
xllcorner     68.144226
yllcorner     5.633471
cellsize      0.041667
NODATA_value  -9999
[rows 220 to 274 of 717, columns 288 to 383 of 992]
1.44 1.52 1.4 1.84 1.84 1.96 1.72 1.1 1.78 0.9 2 1.44 1.34 1.2 1.08 1.34 1.12 1.98 1.74 1.72 1.18 1.66 1.52 1.96 1.78 1.26 1.48 1.8 1.9 1.42 1.78 1.56 1.36 1.02 0.84 0.74 0.82 0.66 0.92 0.56 0.42 1.32 1.14 1.68 1.5 1.14 0.3 1.2 1.04 1.52 1.58 1.44 1.58 1.72 1.76 1.44 1.26 1.56 1.98 1.98 1.96 1.88 1.84 1.92 1.86 1.9 1.9 1.84 1.96 1.86 1.86 1.5 1.16 1.2 1.58 1.96 0.88 0.51 1.9 1.94 1.46 0.62 0.9 0.56 1.36 1.92 1.82 1.92 1.94 2 1.5 1.14 1.94 1.8 1.94 1.96
1.44 1.26 0.96 1.52 1.48 1.66 1.98 1.94 1.62 0.76 0.86 1.58 1.32 0.64 1.26 1.26 1.26 1.12 1.88 1.82 1.98 1.86 1.74 1.44 1.58 1.48 1.16 1.62 1.78 1.38 1.82 1.56 1.94 1.6 1.52 1.12 1.2 1.04 1.12 1.32 0.56 1.08 1.34 1.44 1.78 0.6 0.42 0.56 1.22 1.54 1.22 1.08 0.8 1.7 1.76 1.3 1.62 1.12 1.26 1.66 1.94 1.8 1.98 1.8 1.78 1.48 1.8 1.74 1.94 1.72 1.94 1.66 1.58 1.9 2 2 1.86 1.44 0.32 0.49 1.26 0.37 0.28 0.38 0.26 0.6 0.86 1.66 1.82 1.98 1.9 1.94 1.88 2 2 1.94
1.64 1.76 1.94 1.34 1.06 1.62 1.74 1.5 1.26 1.2 0.63 1.26 1.9 1.5 1.42 1.16 1.52 1.54 1.04 1.34 1.32 1.72 1.5 1.56 1.74 1 0.48 1.7 1.96 1.94 1.58 1.76 1.64 1.7 1.58 1.38 1.14 1 0.76 1.44 1.52 0.84 0.72 1.16 1.84 1.38 1.8 1.36 0.82 1.36 0.84 0.76 1.4 1.06 0.8 1.32 1.02 0.94 1.14 0.98 1.24 1.48 1.52 1.68 1.66 1.08 1.34 0.92 1.58 1.38 0.98 1.06 1.82 1.88 1.96 1.9 1.96 1.78 1.84 1.94 1.98 1.68 1.32 0.8 1.65 1.54 0.37 0.44 1.24 1.92 1.92 1.86 1.9 1.88 1.8 1.9
1.08 1.34 2 1.4 0.86 1.94 1.94 1.86 1.24 1.5 1.52 0.71 1.9 1.96 1.38 1.92 1.84 1.32 1.14 1.16 1.06 1.88 1.38 1.32 1.56 1.64 1.36 1.24 1.78 1.76 0.88 1.3 1.86 1.92 1.48 1.32 0.66 1.26 1.56 1.52 0.84 1.18 0.62 1.12 1.24 1.54 1.6 1.84 1.14 0.72 0.82 0.64 1.36 1.48 1.2 1.24 1.34 1.78 1.48 1.2 0.82 1.6 1.74 1.62 1.92 1.9 2 0.74 0.72 0.72 1.28 1 1.12 1.24 1.8 1.88 0.74 1.21 2 1.8 1.86 1.96 1.9 1.64 1.98 1.76 1.86 1.33 0.7 1.85 1.94 1.92 1.9 1.51 1.16 1.76
1.34 1.9 1.94 2 1.84 1.2 1.96 1.92 1.92 1.94 1.32 1.3 1.13 1.66 1.8 2 1.78 1.46 1.02 1.36 1.18 1.12 1.82 0.74 1.14 1.74 1.18 1.5 1.64 1.36 1.68 1.34 0.58 0.66 1.44 1.3 1.22 0.94 1.6 1.38 1.2 1.1 1.1 1.34 1.2 0.9 0.7 1.48 1.74 1.78 1.92 1.7 0.56 1.66 1.5 1.2 1.28 1.64 1.56 1.62 1.38 1.16 1.32 1.66 1.54 1.62 1.7 1 1.82 1.72 1.34 1.6 1.78 1.66 1.34 1.8 1.66 1.76 1.96 1.02 1.16 1.46 1.2 1.86 1.82 1.03 1.82 1.58 1.69 1.04 1.3 0.14 0.75 1.37 1.26 1.49
1.16 1.98 1.96 1.9 1.84 1.1 1.5 1.64 2 2 1.98 1.7 0.74 0.84 1.34 1.45 1.98 1.72 1.36 1.52 1.4 1.78 1.64 1.42 1.44 1.58 1.66 1.84 1.76 1.58 1.42 1.68 1.2 0.78 1.36 1.3 1.44 1.84 1.86 1.92 1.46 1.56 1.2 1.14 1.06 1.04 1.34 0.94 1.22 1.16 1.8 1.9 1.76 1.4 1.94 1.62 0.8 1.32 1.22 1.6 1.26 1.48 1.5 1.56 1.4 1.4 1.48 1.48 1.56 1.6 1.6 1.72 1.54 1.82 1.9 1.48 1.68 1.8 1.92 1.52 1.92 1.84 1.48 0.92 1.5 1.78 1.96 1.68 1.96 1.42 1.66 1.68 1.22 0.36 0.77 1.5
1.44 1.2 1.68 2 1.92 1.94 1.58 0.72 1.92 1.98 1.86 1.36 1.84 1.58 1.32 0.91 1.44 1.32 0.76 1.27 0.84 1.13 1.2 1.62 1.64 1.64 1.5 1.74 1.96 1.68 1.6 1.56 1.54 1.36 1.18 1.44 1.42 1.58 1.56 1.44 1.6 1.76 1.3 1.5 1.16 0.76 1.2 0.94 1.52 1.4 1.3 1.96 1.72 1.14 1.84 1.66 1.96 1.82 1.84 1.54 1.34 1.78 1.9 1.98 1.98 1.38 0.94 1.76 1.62 1.82 1.76 1.82 0.98 1.82 1.6 1.6 1.66 1.78 1.96 1.8 1.4 1.94 1.64 1.56 1.8 1.58 1.86 1.94 1.92 1.88 1.42 1.84 1.9 1.72 1.34 0.35
1.66 1.04 0.44 1.84 2 2 1.84 0.78 1.74 1.58 1.94 1.88 1.78 1.48 1.92 1.24 1.2 2 1.78 1.46 1.9 0.78 1.36 1.16 1.34 1.14 1.84 1.34 0.72 1.06 1.88 1.7 1.86 1.3 1.34 1.42 1.06 1.08 0.52 1.46 1.04 1.5 1.72 1 1.66 1.46 1.44 1.52 1.44 1.54 1.5 1.9 1.96 1.68 1.34 1.12 1.86 1.78 1.8 1.16 1.02 1.14 1.48 1.42 1.6 1.24 1.34 1.16 1.64 1.64 1.76 1.92 1.84 1.08 1.7 1.9 1.94 1.68 1.4 1.9 1.84 1.76 0.98 0.9 1.36 1.44 1.64 1.78 1.88 1.96 1.72 1.44 1.72 1.84 1.7 1.18
0.42 0.68 0.52 0.86 1.56 1.9 1.84 1.14 0.6 1.68 2 1.92 1.96 1.92 1.98 1.86 1.52 1.68 1.12 1.8 1.5 1.32 1.14 1 0.86 1.46 1.58 2 0.7 0.28 0.7 1.24 1.9 1.88 1.94 1.36 1.08 1.76 1.18 1.26 0.86 1.08 1.72 1.42 0.84 1.68 1.5 1.6 1.98 1.7 1.48 1.68 1.78 1.34 1.78 1.9 1.46 1.66 1.96 1.24 1.54 1.3 1.08 0.92 1.54 1.32 0.96 1.62 1.7 1.64 1.18 1.9 0.96 1.26 1.2 1.64 1.98 1.84 1.52 1.52 1.84 1.44 1.54 1.6 1.64 1.24 1.42 1.28 1.96 1.92 1.68 1.24 1.06 1.36 1.88 1.96
1 0.44 0.58 0.47 0.72 0.75 0.48 0.86 1.62 0.92 1.8 1.94 1.96 1.5 1.56 0.92 0.68 1.02 1.56 1.06 1.06 1.56 1.34 1.5 1.6 0.92 1.78 1.9 1.5 1.44 1.26 0.94 0.9 1.3 1.7 0.84 1.02 1.2 1.4 1.12 1.3 0.9 0.78 0.94 0.42 1.32 1.42 1.24 1.8 0.8 1.68 1.9 1.72 1.94 1.66 1.9 2 1.46 1.88 1.9 1.52 1.48 1.68 1.28 1.16 1.16 1.58 1.34 1.68 1.34 1.18 1.6 1.24 1.58 1.82 1.26 1.94 1.88 1.64 1.5 1.76 0.66 1.84 1.94 1.5 1.32 1.7 1.52 1.62 1.58 1.54 1.58 1.68 1.64 1.8 1.7
0.62 1 1.04 0.78 0.5 0.52 0.84 0.42 0.29 0.32 1.56 1.94 2 1.78 1.7 1.6 1.36 1.72 1.9 1.26 1.7 1.94 1.96 1.88 1.72 0.76 1.3 1.2 1.48 1.26 1.7 1.32 1.02 0.6 1.66 1.48 0.84 1.44 1.4 1.48 1.38 1.28 1.24 1.06 0.46 1.2 1.08 1.32 1.48 1.22 1 1.38 1.68 1.6 1.52 1.96 1.76 1.84 1.78 1.76 1.32 1.46 1.7 1.12 1.34 1.2 1.5 1.64 1.06 1.18 1.32 1.62 1.3 0.9 1.62 1.34 1.32 1.66 1.44 1.58 1.54 1.58 1.62 1.68 1.92 1.54 2 1.9 1.84 1.64 1.48 1.54 1.7 1.9 1.88 1.66
0.7 0.08 0.66 0.92 0.92 0.52 1.52 0.38 0.64 0.39 1.72 1.86 2 1.98 1.96 1.94 1.34 1.88 1.9 1.96 1.78 1.62 1.68 2 1.94 1.33 0.64 0.6 1.84 1.18 1.02 1.38 1.92 1.56 1.2 1.36 1.5 1.6 1.38 0.9 1.58 1.48 1.78 0.96 1.5 0.66 0.82 0.86 1.16 1.58 1.72 1.52 0.82 1.26 1.76 1.96 2 1.9 1.62 1.92 1.7 1.76 1.12 1.6 1.2 1.62 1.54 1.36 1.26 0.96 0.94 1.12 1.36 1.6 1.58 1.62 1.62 1.62 1.72 1.72 1.84 1.58 1.34 1.78 1.56 1.64 1.74 1.78 1.42 1.28 0.82 1.6 1.36 1.84 1.68 1.16
1.16 1.24 0.44 0.6 0.54 0.8 0.72 0.45 1.46 0.6 0.94 1.86 1.92 1.7 1.94 1.82 1.98 1.94 1.94 1.98 1.8 0.94 1.8 1.4 0.68 1.48 0.86 1.4 0.29 1.46 1.46 1.12 1.06 1.64 1.6 1.4 1.34 1 1.78 1.76 1.6 1.94 1.4 1.1 1.84 1.5 1.5 1.16 1.1 1.34 1.12 1.26 1.12 1.76 1.62 1.66 1.64 1.92 1.58 1.68 1.7 1.66 1.5 1.32 1.14 1.28 1.36 1.6 1.7 1.34 1.64 1.84 1.64 1.46 1.52 1.62 1.82 1.7 1.96 1.34 1.24 1.94 1.96 1.7 1.26 1.5 1.66 1.44 1.1 0.94 0.96 1.3 1.24 0.96 1.12 1.4
1.16 1.56 1.04 0.92 0.94 1.2 0.74 1.46 1 1.12 0.71 1.62 1.76 1.34 1.42 1.56 1.76 1.86 1.98 1.92 2 1.6 1.66 0.94 0.94 0.56 1 1.44 1.4 0.5 1.74 1.76 1.74 1.68 1.56 0.88 0.64 1.08 1.24 1.94 1.98 1.84 1.48 1.42 1.84 1.76 1.8 1.34 1.06 1 1.54 1.84 1.5 1.82 1.8 1.9 1.9 1.72 2 1.9 1.16 1.48 1.96 1.18 1.16 1.04 1.24 1.72 1.88 1.46 0.88 0.68 0.64 1.78 1.82 1.76 1.88 1.64 1.9 1.64 1.6 1.74 1.5 1.86 1.76 1.98 0.86 1.38 1.72 1.78 1.82 1.94 1.4 1.3 1.18 1.08
1.56 1.48 1.12 1.28 0.94 0.54 0.38 0.5 0.72 0.52 0.74 0.46 0.52 0.6 0.48 0.09 0.2 0.52 1.04 1.54 1.92 1.4 1.44 0.56 0.48 0.68 1.34 1.72 1.28 0.53 1.82 1.46 1.88 1.96 1.88 1.62 0.96 1.52 1.82 1.74 1.76 1.56 1.02 1.64 1.66 0.84 1.66 1.32 0.7 0.74 1 1.46 1.46 1.44 1.34 1.3 1.7 1.94 1.82 1.96 1.44 1.6 1.78 1.78 1.5 0.7 1.16 1.42 1.44 1.36 0.4 1.22 0.68 1.46 1.76 1.32 1.92 1.98 1.86 1.72 1.72 1.16 1.2 1.66 1.68 1.88 1.6 1.68 1.76 1.66 1.36 1.82 1.62 1.02 0.47 0.21
1.68 1.02 1.34 0.66 0.28 0.66 0.78 0.4 0.92 1.16 1.58 0.9 0.37 0.44 0.57 0.83 0.07 0.31 0.23 0.17 0.98 0.94 0.52 0.92 0.68 0.72 1.52 1.9 1.52 0.64 1.34 1.5 1.34 1.64 1.94 1.88 1.96 1.96 1.8 1.78 1.8 2 1.88 1.88 1.36 1.02 1.54 1.4 1.82 1.7 1.46 1.3 1.28 1.6 1.24 0.94 1.24 1.52 1.74 1.86 1.86 1.96 1.86 1.46 1.7 1.68 1.84 1.28 1.74 1.12 0.76 1.44 1.1 0.74 0.98 1.6 1.4 1.86 1.56 1.98 1.94 1.98 1.88 1.94 1.88 1.94 1.78 1.64 1.14 1.28 1.46 1.8 1.36 0.04 1.11 1.74
1.48 1.28 0.84 0.56 0.68 0.88 1.32 1 1.14 1.68 1.52 0.82 0.54 0.32 1.28 1.42 0.32 0.54 0.21 0.86 0.23 0.9 0.5 1.34 1.7 1.28 1.7 1.32 1.62 1.2 0.52 0.17 0.64 1.36 1.98 1.72 1.98 1.96 2 2 2 1.98 1.86 1.98 1.7 1.04 1.14 1.84 1.8 1.04 0.78 0.68 0.78 1.4 0.84 0.98 0.96 1.18 1.38 1.98 1.94 1.66 1.8 1.66 1.7 1.66 1.6 1.56 1.92 1.72 1.28 1.68 1.66 1.42 0.76 0.92 1.24 1.52 1.4 1.72 1.78 1.9 2 1.92 1.58 1.98 1.58 1.52 1.74 1.78 1.54 1.16 0.68 0.4 1.72 1.96
0.98 1.72 0.88 0.68 1.04 0.82 0.72 1.2 1.42 1 0.42 0.3 0.14 0.54 0.72 0.94 0.12 0.68 0.54 0.26 0.33 0.68 0.5 1.54 1 1.66 1.86 1.62 1.68 1.54 1.54 1.51 1.06 1.08 1.1 1.32 1.74 2 2 2 1.96 1.98 2 1.68 1.86 1.74 1.48 1.4 1.26 1.14 0.58 0.54 1.12 1.3 1.06 1.24 1.58 1.48 1.5 1.26 1.26 1.5 1.92 1.86 1.72 1.62 1.62 1.5 1.62 1.9 1.48 1.78 1.64 1.5 1.5 1.56 0.9 1.36 1.6 1.52 1.78 1.68 1.22 1.06 0.92 1.09 1.71 1.96 1.98 1.78 1.62 1.04 0.91 1.9 1.94 1.52
1.7 1.88 1.18 1.18 0.64 0.84 0.98 1.28 0.76 0.24 0.26 0.08 0.1 0.28 0.96 1.24 0.9 1.3 1.28 0.56 0.4 0.34 0.5 0.6 1.34 1.82 1.54 1.36 1.78 1.54 1.58 1.4 1.28 1.46 1.26 0.6 1.68 1.6 2 2 1.78 1.68 1.9 1.7 1.84 1.32 1.62 1.38 1.98 1.76 1.34 1.34 0.96 1.12 1.42 1.68 1.42 1.54 1.36 1.78 1.12 1.04 1.1 1.2 0.68 1.12 1.36 1.02 1.64 1.36 1.44 1.98 1.44 1.64 1.96 1.88 1.44 1.38 1.56 1.78 1.84 0.93 1.6 1.9 1.8 1.56 0.84 1.68 1.76 1.24 0.88 0.1 0.86 1.46 1.66 1.32
1.08 1.54 1.4 1.02 0.16 0.46 0.9 0.94 0.5 0.48 0.1 0.26 0.1 0.5 0.21 0.46 0.86 1.36 0.98 0.68 0.2 0.48 0.34 0.41 0.28 1.6 1.84 1.7 1.02 1.32 1.48 1.06 1.66 1.78 1.36 0.72 0.66 0.72 1.38 1.02 0.62 0.68 1.38 2 2 1.96 1.06 1.98 1.94 1.7 1.62 1.6 1.82 1.38 1.26 1.32 1 0.96 1 1.78 1.84 1.76 1.6 1.72 1.7 1.74 1.82 1.28 1.8 1.98 1.62 1.7 0.86 1.28 1.26 1.68 1.88 1.49 2 1.84 0.54 1.56 1.92 1.72 1.62 1.56 1.48 0.37 0.83 0.59 0.26 0.68 0.86 0.74 0.8 1.48
1.02 0.56 0.56 0.06 0.2 0.84 0.82 0.68 0.5 0.28 0.32 0.62 0.14 0.06 0.24 0.42 0.98 0.78 0.92 0.4 0.36 0.42 0.66 1.12 0.67 1.6 1.5 1.42 1.18 1.96 1.82 1.94 1.28 1.86 1.98 1.96 1.6 1 0.11 0.38 0.46 0.13 1.3 1.98 1.96 2 2 1.9 2 1.96 1.92 1.54 1.7 1.86 1.4 1.42 1.74 1.54 1.62 1.24 1.66 1.38 1.54 1.72 1.8 1.94 2 1.96 1.72 1.96 1.72 0.83 1.72 1.92 1.92 1.3 0.83 1.6 1.24 1.76 0.66 1.66 1.86 1.8 1.3 1.34 1.18 0.26 0.88 0.56 0.58 1.16 1.12 0.56 0.34 1.3
0.64 0.96 0.16 0.32 0.26 1.24 0.78 1.28 0.5 0.24 0.39 0.84 0.32 0.14 0.48 0.62 1.44 1.1 1.08 0.88 1.24 0.68 0.88 0.96 1.11 1.58 1.9 1.98 1.88 1.76 1.86 1.88 1.68 1.5 1.82 1.94 1.56 0.72 0.28 0.14 0.05 0.06 0.54 1.94 1.98 1.94 2 2 2 2 2 1.98 1.98 1.94 1.92 1.76 1.42 1.58 1.4 1.68 1.46 1.78 1.88 1.78 1.58 1.4 1.4 1.94 1.92 1.78 1.62 1.15 1.46 1.9 1.12 0.92 1.06 1.74 1.46 0.8 1.75 1.09 1.94 0.76 0.8 0.82 1.1 1.28 0.66 0.52 1.48 1.66 1.42 0.8 0.48 0.48
0.98 0.44 0.16 0.04 0.4 0.35 0.48 0.4 0.78 0.86 0.36 0.48 0.3 0.44 0.22 0.24 0.8 0.72 0.92 1.42 0.96 0.68 1.02 1.36 0.95 1.21 1.54 1.64 1.78 1.7 1.5 1.64 2 1.8 1.74 1.28 0.96 1.32 0.72 0.53 0.7 0.16 0.51 1.63 1.5 1.34 1.88 1.66 1.42 1.78 1.96 1.96 1.98 2 2 1.88 1 0.76 1.06 1.18 1.36 1.32 1.38 1.6 1.96 1.88 1.74 1.7 1.42 1.78 1.38 1.74 1.13 1.44 1.18 1.44 1.38 1.38 0.56 0.84 0.52 1.13 1.66 1.12 1.54 1.18 1.06 0.88 0.06 0.1 1.34 1.58 0.78 0.54 1.04 0.38
0.2 0.24 0.1 0.15 0 0.18 0.23 0.38 0.9 0.54 0.98 0.34 0.26 0.72 0.28 0.18 0.36 1.12 1.36 0.7 0.69 0.94 1.18 1.04 1.34 0.76 0.53 0.3 0.54 0.8 1.82 1.26 1.86 1.74 1.02 0.8 1.14 0.72 0.89 0.74 1.1 1.16 0.41 0.74 0.34 0.52 1.08 1.9 1.72 1.56 1.28 1.86 1.98 1.9 1.92 1.56 1.02 1.36 0.88 0.9 0.94 1.7 1.8 2 1.94 2 1.6 0.32 0.02 0.98 1.38 1.05 0.9 1.34 1.4 1.24 1.38 0.38 0.09 0 0.2 0.62 0.3 1.38 1.44 0.76 0.44 0.4 0.6 0.54 0.98 1.56 1.34 1.32 0.66 0.9
0.88 0.14 0.12 0.03 0.04 0.12 0.64 0.8 0.7 0.52 0.28 0.52 0.24 0.9 0.32 0.92 1.36 0.98 0.88 0.24 0.78 1.22 0.7 0.82 0.54 0.48 0.72 0.72 0.64 0.78 1.36 1.26 0.92 1.08 0.43 1.4 0.68 1.14 1.6 1.2 1.78 1.92 1.76 0.85 1.72 1.26 0.8 1.14 0.84 1.18 1.92 1.52 1.54 1.86 1.84 1.94 1.8 1.12 0.8 1.36 0.9 1.42 1.88 1.96 2 1.96 1.22 0.16 0.15 0.92 0.64 0.52 1.26 1.68 1.84 1.62 1.42 0.4 0 0.04 0.28 1.18 0.24 0.46 1.34 0.7 0.89 1.23 1.62 0.5 0.34 1.06 1.52 1.84 0.88 0.2
0.16 0.14 0.14 0.26 0.36 0.22 0.48 1.8 1 0.7 0.22 0.24 0.36 0.6 0.4 1.12 0.94 0.88 0.66 1.18 0.74 1 0.84 0.6 0.28 0.48 0.3 1.08 0.92 0.53 0.37 0.23 0.18 0.04 0 0.92 0.74 0.8 0.68 0.58 1.62 1.98 1.92 1.84 1.34 0.84 0.76 1.75 1.84 0.97 0.58 0.89 1.82 1.06 1.36 1.88 1.86 1.56 1.54 1.48 1.5 1.82 1.96 1.96 1.9 1.92 1.74 0.54 0.66 0.44 0.38 0.54 1.76 1.82 1.58 1.94 1.48 0.98 0.3 0.14 0.1 0.32 1.08 1.3 0.96 0.4 0.78 1.16 1.66 0.88 1.72 1.86 1.82 1.8 1.82 0.42
0 0.02 0.4 0.6 0.24 0.06 0.2 0.86 0.7 0.52 0.32 0.38 0.42 0.5 0.38 0.4 1.36 1.18 1.04 0.76 0.92 1.18 0.82 0.2 1 0.8 0.54 1.02 0.98 0.9 0.6 0.18 0.1 0.04 0 0.12 0.2 0.85 0.38 0.36 1.4 1.44 1.94 1.74 1.58 1.16 1.38 1.9 1.46 1.02 0.89 1.42 0.66 1.24 0.84 0.7 1.36 0.69 0.78 0.83 1.26 1.84 2 2 2 1.58 1.28 1.34 0.98 1.22 1.32 1.56 1.54 1.26 1.64 1.68 1.6 1.12 0.02 0.14 0.8 0.22 0.16 0.62 0.94 0.7 1.58 1 1.68 1.76 1.64 2 2 1.94 1.78 0.94
0.04 0.26 0.18 0.18 0.4 0.1 0.15 0.22 0.28 0.24 0.18 0.62 0.62 0.02 0.74 0.54 1.32 0.76 0.88 0.06 0.44 0.88 0.7 0.62 0.74 0.24 0.24 0.7 0.08 0.12 0.26 0 0.28 0.32 0.12 0.46 0.12 0.5 1.3 1.02 1.48 1.4 0.84 1.42 1.12 0.54 1.28 1.64 1.78 0.92 0.99 1.82 1.96 1.6 1.1 0.21 0.82 1.52 1.18 1.96 1.4 1.28 1.68 1.84 1.74 0.58 1.5 1.38 1.5 1.88 1.96 1.9 1.44 1.84 0.6 1.7 1.18 0.06 0.02 0.34 1 1.48 1.48 0.74 1.24 1.04 1.62 1.52 1.52 2 1.92 2 2 1.98 1.76 0.62
0.7 0.14 0.04 0.22 0.36 0.38 0.7 0.42 0.54 0.76 0.26 1.12 0.64 0.74 0.38 1.16 0.52 0 0.04 0.06 0 0.56 0.56 0.6 0.26 0.02 0 0.14 0.02 0.2 0.26 0.08 0.28 0.24 0.22 0.7 0.78 0.8 1.68 1.04 0.27 0.2 0.06 0.4 0.54 0.16 0.8 0.7 1.14 1.7 1.84 1.86 1.5 0.88 0.24 0 0.48 0.21 1.26 1.42 0.88 0.52 0.68 1.66 1.81 1.09 1.76 1.88 1.76 2 1.98 1.92 1.72 1.08 1.3 0.84 0.32 0.16 0.04 0.3 0.58 0.94 0.42 0.76 1.14 0.84 1.28 1.68 1.96 1.9 1.98 2 2 1.88 1.1 0.9
0.38 0.26 0.4 0.34 0.62 0.78 0.84 0.26 0.48 0.34 0.9 1.06 1 0.16 0.32 0.36 0.04 0 0.14 0.16 0 0.3 0.18 0 0 0.02 0 0 0 0 0.02 0.32 0.3 0.44 1.38 0.6 0.88 0.42 0.4 1.14 0.34 0.17 0.12 0.94 0.7 0.38 0.1 0 0.22 1.52 0.74 0.04 0 0.12 0.24 0.38 0.98 0.72 0.48 0.36 0.24 0.5 0.56 0.32 0.09 0.42 1.68 1.94 1.8 1.52 1.96 1.74 1.5 1.96 1.34 0.8 0.12 0.15 0.02 0.2 0.12 0.21 0.48 0.18 0.14 1 1.5 1.56 1.96 1.98 2 1.96 1.86 1.72 0.74 0.62
0.08 0.34 0.9 0.68 0.68 0.7 1 0.82 1.08 0.26 0.86 0.1 0.16 0 0 0 0 0 0 0 0 0 0.04 0.1 0 0 0 0.26 0.36 0.3 0.26 0 0.1 0.5 1.34 0.82 1.14 0.94 0.8 0.9 0.8 0.16 0.24 0.46 0.9 1.2 0.94 0.08 0 0.06 0.12 0.04 0.12 0.14 0.28 0.54 0.08 0 0 0 0.08 0.06 0.08 0.02 0.18 0.04 0.06 1.02 0.66 0.54 0.34 0.14 0.38 0.82 0.74 0.68 0.2 0.63 0 0.18 0.12 0.14 0.26 0.06 0.1 0.58 0.82 1.02 1.68 2 2 2 1.7 0.66 0.38 0.22
0.7 0.38 0.46 0.96 0.46 0.92 0.7 0.7 0.92 0 0 0.02 0.44 0.08 0 0 0 0.24 0 0.22 0.4 0.28 0.56 0 0.16 0.12 0 0.24 0.66 0.82 0.5 0.68 0.46 0.65 0.78 1.32 0.66 1.24 1.08 1.26 0.4 0.32 0.44 1.48 1.22 1.56 1.16 0.6 0 0.14 0.92 0.52 0.3 0.24 0 0.38 0.16 0.06 0.02 0 0.08 0.16 0.24 0.26 0.1 0.02 0.14 0.34 0.52 0.72 0.64 0.56 0.34 0.36 0.12 0.24 0.04 0 0.09 0.42 0.06 0.12 0.28 0.26 0.92 1.58 1.72 1.04 1.16 1.6 1.94 1.92 1.04 0.4 0.54 0.92
0.52 0.49 0.76 0.54 0.66 1.04 0.52 0.08 0.02 0.08 0 0 0.06 0.16 0.02 0.44 0.32 0 0 0 0 0.26 0.06 0.04 0.12 0 0 0 0.18 0.84 0.58 0.32 0.84 0.28 0.52 1.1 0.18 1.48 0.86 0.86 0.74 0.52 0.74 1.44 0.68 0.66 0.76 0.1 0.1 0.42 0.3 0.4 1.12 1.2 0.42 0.06 0 0 0 0 0 0 0 0.02 0 0 0 0 0 0.03 0 0 0 0 0.04 0.09 0 0 0 0.04 0.04 0 0.22 0.1 0.86 0.84 0.68 0.42 0.42 1.14 1.22 1.26 0.16 0.2 0.26 1.54
0.36 0.56 0.12 0.58 0.88 0.64 0 0 0 0 0 0 0 0 0 0 0 0 0 0 0 0 0 0 0 0 0 0 0.22 0.24 1.2 1.08 0.78 0.14 0.2 0.18 0.02 0 0 0.48 0.46 0.52 0.58 1.18 0.7 0.7 0.3 0.24 0.02 0 0.42 0.48 1.24 0.38 0.08 0.06 0.06 0.08 0 0 0.04 0.04 0 0 0 0 0 0 0 0 0 0 0.02 0 0 0 0 0 0 0 0 0.12 0.02 0.18 0.1 0.58 0.28 0.7 1.44 1.28 1.54 1.42 0.48 0.06 1.04 1.44
0 0.04 0.22 0.56 0.52 0.06 0 0 0.02 0.1 0 0 0 0 0 0 0.02 0.02 0.06 0 0.08 0 0.02 0 0 0 0 0 0.2 0.28 0.1 0.18 0 0 0.02 0.24 0.3 0.18 0 0 0.08 0.34 0.78 0.22 0.6 0.26 0.1 0.3 0 0.04 0.02 0.14 0 0 0.02 0.16 0 0 0 0.02 0.14 0.12 0.2 0.12 0.02 0 0.26 0 0.04 0 0 0 0 0 0 0 0 0 0 0 0 0 0.04 0 0 0 0.28 0.2 0.92 0.58 1.04 0.4 0 0 0.84 1.42
0.12 0 0.18 0.12 0 0 0.02 0.18 0.04 0.6 0.04 0 0 0 0 0 0.12 0.02 0.14 0.06 0.08 0 0 0.08 0.4 0.4 0.08 0 0 0.22 0.04 0 0.02 0.08 0.16 0.32 0.1 0.14 0.2 0 0.06 0.08 0.42 0.14 0.18 0.74 0 0 0 0.12 0 0.3 0.02 0 0.01 0 0.01 0 0.08 0 0 0 0.18 0.12 0.06 0.1 0.08 0 0.09 0.24 0.14 0 0 0 0 0 0.01 0 0 0 0 0 0 0.02 0.68 0.02 0.18 0.08 0 0 0 0 0.06 1.06 1.58 0.3
0.04 0 0 0.02 0 0.08 0.13 0.42 0 0 0 0 0 0 0 0 0.64 0.86 0.52 0.32 0.18 0.06 0.34 0.46 0.66 0.1 0 0.18 0.48 0.58 0.36 0.34 0.64 0.68 0.3 0.14 0.62 0.16 0.42 0.12 0.06 0 0.06 0 0 0 0 0 0.06 0.18 0.03 0.02 0.04 0 0 0.02 0 0 0.04 0 0 0 0 0 0 0.06 0.02 0.1 0.1 0.18 0.02 0 0.04 0 0 0 0 0 0 0 0 0 0 0.02 0.04 0 0 0 0 0 0.2 0 0.32 1.76 0.31 0
0 0 0.08 0.04 0.06 0 0 0 0 0 0 0 0.1 0.6 1.14 1.48 1.1 1.52 0.54 0.66 0.58 0.24 0.72 0.54 0.68 1.3 0.22 0.46 0.78 0.78 0.8 0.2 0.38 0.6 0.8 0.68 0.18 0.18 0.34 0.24 0.04 0.22 0.76 1.02 0.38 0.08 0 0 0 0 0 0.1 0 0 0 0 0 0 0.06 0 0 0.12 0 0 0.04 0.38 0.1 0.28 0.3 0.4 0.32 0.02 0.22 0 0 0 0 0 0 0 0 0 0 0 0 0 0 0 0 0 0 0 0.46 0.55 0.06 0.02
0.29 0.14 0.5 0 0 0 0 0 0 0.06 0.2 1.22 1.14 1.22 0.9 0.7 1.04 1 0.8 0.4 0.16 0.5 0.5 0.54 0.86 0.92 1.28 1.5 1.02 1.18 0.98 0.54 0.32 0.64 0.66 0.36 0.58 0.36 0.42 0.14 0.04 1 1.06 0.38 0.08 0.06 0.02 0 0 0 0 0 0 0 0 0 0 0 0 0 0 0 0 0 0 0.04 0.18 0.82 0.64 0.16 0.3 0.08 0.14 0.08 0.28 0 0.02 0 0 0 0 0 0 0 0 0 0 0 0 0 0 0.04 0.22 0.07 0.04 0
0.1 0 0 0.02 0 0 0 0.28 0.6 1.18 1.16 1.44 1.2 0.62 0.84 0.4 0.18 0.46 0.36 0.06 0.5 1.34 0.59 0.38 0.52 0.72 1.16 0.94 1.1 0.92 0.76 0.78 1.06 0.68 0.58 0.56 0.26 0.3 0.34 0.12 0.22 0.54 0.04 0.08 0 0 0 0 0 0 0 0 0.02 0 0 0 0 0 0 0 0 0 0 0 0 0 0 0.02 0 0 0.22 0.44 1.34 1.1 0.34 0.12 0.06 0.01 0 0 0 0 0 0 0 0 0 0 0 0 0 0.02 0.06 0.02 0 0
0 0 0 0 0.24 0.74 1.08 1.54 1.08 1.16 1.34 1.4 1.16 1 0.42 0.22 0.04 0.12 0.06 0.18 0.32 0.92 0.02 0.22 0.4 0.16 0.78 1.08 1.88 1.44 0.8 0.68 0.78 0.9 1.16 1 0.22 0.52 0.12 0.18 0.22 0.2 0 0 0 0 0 0.02 0 0 0 0 0 0 0 0 0 0 0 0 0.08 0.14 0.18 0.08 0.1 0 0 0 0 0 0.08 0.68 0.72 0.52 0 0.02 0 0 0 0 0 0 0 0 0 0 0 0 0.08 0 0 0.26 0.08 0 0 0
0 0 0.24 0.96 1.44 1.5 1.3 1.46 1.42 0.92 1.3 0.88 1.66 1.08 0.8 0.42 0 0.48 0.26 0.34 0.36 0.48 0.32 0.28 0.27 0.9 0.76 1 0.88 0.4 0.76 0.58 0.36 0.8 0.12 0.12 0.3 0.54 0.24 0.08 0 0 0 0 0 0 0 0.16 0.44 0.28 0.12 0 0 0 0 0 0 0 0 0 0.3 0.28 0.84 0.46 0.32 0.28 0.03 0.06 0.24 0.06 0 0 0 0.12 0.04 0 0 0 0 0.02 0 0 0 0 0 0 0 0 0 0.02 0.52 0.2 0.01 0.03 0.11 0.04
0.38 0.58 0.88 1.1 1.38 1.32 0.98 1.02 0.88 0.8 1.02 0.64 0.7 1.32 1.26 0.42 0.28 0.46 0.38 0.08 0.3 0.26 0.14 0.02 0 0.46 0.78 0.46 0.44 0.24 0.14 0.72 0.46 0.54 0.42 0.38 0.1 0.02 0 0 0 0.04 0 0 0.02 0.4 0.52 0.34 0.42 0.3 0.34 0.1 0.02 0.08 0.02 0.02 0 0 0.02 0.4 0.74 0.72 1 0.38 0.12 0 0 0.02 0.06 0.02 0 0 0 0 0 0 0 0 0 0 0 0 0 0 0 0 0.02 0.32 0.06 0.12 0.18 0 0 0.04 0.2 0
0.52 0.44 0.62 0.54 0.5 0.8 0.52 0.72 1.38 1.44 1.12 0.94 0.74 1.06 1.44 0.32 0.8 0.48 0.44 0.44 0.38 0.12 0.26 0.08 0.02 0.38 0.72 0.72 0.9 0.42 0.16 0.64 1.1 0.84 0.26 0 0 0 0 0 0 0.04 0.18 0.08 0.1 0.1 0.16 0.12 0 0.06 0.12 0 0.06 0 0.08 0.1 0.02 0 0.2 0.34 0.08 0 0.1 0 0 0 0.02 0.11 0 0.03 0 0 0 0 0 0 0 0 0 0.04 0 0 0.02 0.04 0.06 0.54 0.26 0.4 0.16 0 0.04 0.02 0.08 0 0.04 0
0.72 0.32 0.36 0.64 0.94 1.14 0.94 1.14 1.46 0.28 0.48 0 0.02 0.14 0.86 0.72 1.26 0.62 0 0.72 0.08 0.1 0.12 0.12 0.28 0.86 0.58 1.34 1.3 1.1 1.1 1.18 0.32 0 0 0.02 0.2 0.9 0.6 0.04 0 0.1 0 0.14 0 0.06 0 0.04 0 0 0 0 0 0.02 0.18 0 0 0.06 0 0.24 0.1 0 0 0 0 0 0 0.01 0 0 0 0.02 0 0 0.01 0 0 0 0.1 0.04 0 0.18 0.08 0.1 0 0.06 0.02 0.42 0.02 0 0 0.1 0.22 0 0.02 0
0.64 0.64 0.8 1.2 1.14 1.26 1.34 0.1 0.09 0 0.08 0 0 0 1 1.32 0.78 0.58 0.48 0.36 0.24 0.16 0.26 0.46 0.24 0.36 0.74 1 1.1 0.56 0.24 0 0 0.32 0.2 0.28 0.62 0.12 0 0.04 0.16 0.32 0.16 0.54 0 0.02 0.1 0.28 0.08 0 0 0.08 0.16 0.34 0.16 0 0 0 0 0 0 0 0 0 0 0 0 0 0 0 0 0 0 0 0 0 0.02 0 0.04 0 0 0 0 0 0 0 0.02 0 0.12 0 0 0 0 0 0 0
0.58 0.4 0.38 0.36 0.68 0.94 0.18 0.06 0 0.06 0.1 0 0.02 0 0.7 1.42 1.64 1 0.48 0.78 0.14 0.64 0.34 0.52 0.68 0.8 0.56 0.52 0.2 0.02 0.02 0.5 0.94 0.6 0.26 0 0.02 0.06 0.14 0.1 0.14 1.16 0.6 0.3 0.02 0.06 0.02 0 0 0.02 0.02 0 0.04 0.04 0 0 0 0 0 0 0 0 0 0 0 0 0 0 0.02 0 0 0 0 0 0 0 0.02 0 0 0 0 0.02 0.06 0 0 0 0 0.04 0.12 0 0 0 0 0 0 0
0.56 0.76 0.64 0.3 0.1 0.04 0.02 0 0 0 0 0 0 0.06 0.4 0.76 1 0.96 0.44 0.72 0.66 0.82 0.5 0.5 0.24 0.06 0.02 0 0.06 0.72 0.48 0.62 0.06 0.12 0.16 0 0 0.22 0.02 0.04 0.18 0.1 0 0 0.04 0.08 0 0 0.06 0 0.12 0.12 0 0 0.28 0.14 0.02 0 0 0 0 0 0 0 0 0 0 0 0 0 0 0 0 0 0 0 0 0 0 0 0 0 0 0 0 0 0.14 0.05 0.06 0.08 0.06 0.08 0.02 0 0 0
1.18 1.44 0.78 0.14 0 0 0 0 0 0 0 0 0.02 0.1 0.88 0.82 0.18 0.1 0.28 0.56 1.24 1.22 0.04 0 0 0.18 0.24 0.3 0.86 0.66 0.26 0.12 0.1 0.02 0.1 0.14 0 0.1 0 0.06 0.18 0.12 0.08 0 0 0 0.04 0 0 0 0.06 0.38 1.06 0.14 0.02 0 0.04 0.02 0 0 0 0 0 0 0 0 0 0 0 0 0 0 0 0 0 0.04 0 0.02 0.04 0 0.02 0.12 0.14 0 0 0.08 0 0 0.02 0 0.16 0 0 0 0 0
0.48 0.18 0 0 0 0 0 0 0 0 0 0 0 0.22 0.68 1.34 0.82 0.94 0.66 0.88 0.74 0.14 0.14 0.16 0.08 0.26 0.08 0.08 0.12 0 0.06 0 0.04 0.3 0.14 0.04 0.12 0.1 0.04 0.02 0.06 0 0 0 0 0 0 0 0 0 0 0.08 0.06 0 0 0 0.2 0.08 0.2 0.1 0.06 0 0 0 0 0 0 0 0 0 0 0 0 0 0.12 0.08 0.12 0.2 0.04 0 0 0.14 0.02 0 0 0 0 0 0 0 0 0 0 0 0 0
0 0 0 0 0 0 0 0 0 0 0 0 0 0.46 1.54 1.06 0.16 0.22 0.26 0.1 0.26 0.3 0.42 0.3 0.32 0.28 0.04 0.05 0.08 0.8 0.96 0.02 0 0 0 0.1 0 0 0 0.04 0 0 0 0 0 0 0 0 0 0 0 0 0 0 0 0 0 0.18 0 0 0 0 0 0 0 0 0 0 0.04 0.06 0.02 0 0.04 0.44 0 0 0 0 0.24 0.04 0 0.02 0.02 0 0 0 0 0 0 0.01 0 0 0 0 0 0
0.28 0 0 0 0.04 0.02 0 0 0 0 0 0.12 0.82 1.18 1 0 0.04 0 0.1 0 0.44 0.26 0.32 0.2 0.02 0.02 0.01 0.2 0.08 0 0.1 0 0.06 0.04 0.18 0.12 0 0.02 0.16 0 0 0 0 0 0 0 0.02 0 0 0 0 0 0 0 0 0 0 0 0 0 0 0 0.01 0 0 0.02 0.03 0 0 0 0 0.01 0 0 0 0 0 0 0 0 0 0 0 0 0 0 0 0 0.02 0.24 0 0 0 0 0.04 0
0 0 0 0 0 0.04 0.02 0 0.06 0 0.16 1 0.68 0.06 0 0.02 0.06 0.3 0.02 0 0 0.06 0.12 0.02 0.05 0 0 0.02 0 0 0.02 0 0.04 0 0.08 0.5 0.02 0.14 0.02 0 0.22 0 0 0.14 0.06 0.24 0 0 0 0 0 0 0 0.02 0.08 0 0.18 0.08 0 0 0 0 0 0 0 0 0 0 0 0 0 0 0 0 0 0 0 0 0 0 0 0 0 0 0 0 0 0.02 0 0 0.04 0.04 0.01 0.04 0.02 0
0 0 0 0 0 0 0 0 0 0.26 0.46 0.08 0.06 0.68 0.54 0.58 0.1 0 0 0 0 0.03 0 0 0 0 0 0 0 0 0.02 0 0.04 0.04 0.04 0.12 0.16 0.38 0.18 0.14 0.16 0.18 0 0.08 0 0 0 0 0 0 0 0 0 0 0 0 0.2 0.52 0.66 0.06 0.04 0 0 0 0 0 0 0 0 0 0 0 0 0 0 0 0 0 0 0 0 0 0 0 0 0 0 0.02 0 0 0 0 0 0.07 0 0.08
0 0 0 0.02 0.04 0.02 0 0 0.26 0.16 0 0.06 0.29 0.66 0.14 0.6 0.58 0.1 0.06 0.02 0 0 0 0 0 0 0 0.12 0 0 0 0.06 0 0 0.08 0.02 0.06 0.62 0.5 0.08 0.04 0 0.04 0 0 0 0 0 0 0 0 0 0 0.02 0 0.12 0.28 0.26 0.5 0 0.04 0.01 0 0 0 0.01 0 0 0 0 0 0 0 0 0 0 0 0 0 0.02 0.02 0 0 0 0 0 0 0 0 0 0 0 0 0 0 0.02
