eomf-prod/eomf/data/ecohealth/ncropn.asc
ncols         992
nrows         717
xllcorner     68.144226
yllcorner     5.633471
cellsize      0.041667
NODATA_value  -9999
[rows 385 to 439 of 717, columns 768 to 863 of 992]
0 0.14 0.12 0 0 0.06 0.7 0.14 0.12 0.02 0 0.62 0.08 0.08 0.04 0 0.16 0.4 0.28 0.34 0.3 0.12 0.06 0.06 0.12 0.38 0.14 0.02 0 0.16 0.1 0.02 0.02 0 0 0.04 0 0.04 0.04 0.12 0.32 0.26 0.08 0.48 0.26 0.24 0.06 0.1 0.08 0.06 0 0 0 0.02 0.12 0.12 0.14 0.16 0.26 0.08 0 0 0.02 0 0.02 0.02 0.06 0.3 0.14 0.1 0 0 0 0.02 0.32 0.32 0.24 0.44 0.16 0.06 0.18 0.36 0.52 0.34 0.5 0.54 0.42 0.76 0.26 0.18 0.12 0.06 0 0.1 0.3 0.1
0 0.06 0.22 0.04 0.02 0.22 0.08 0.18 0.08 0.06 0.04 0.04 0.34 0.08 0.08 0.06 0 0.04 0.04 0.34 0.16 0.02 0 0.08 0.02 0.38 0.14 0.12 0 0.02 0.08 0 0 0.04 0.08 0.04 0 0.16 0.44 0.08 0.06 0.02 0.12 0.04 0.06 0.04 0 0.1 0.14 0.06 0 0 0.2 0.02 0.14 0.38 0.2 0.22 0.18 0.14 0.12 0 0 0 0 0 0 0.22 0.2 0.1 0 0 0.06 0.08 0.4 0.18 0.18 0.54 0.28 0.24 0.1 0.42 0.76 0.2 0.24 0.22 0.06 0.12 0.56 0.38 0.12 0.06 0.06 0.02 0.08 0.18
0 0.08 0.24 0.1 0.06 0.22 0.14 0.3 0.08 0.02 0.08 0.06 1.12 0.76 0.08 0.06 0 0.04 0.16 0.34 0.36 0.26 0.02 0 0 0.06 0.14 0.06 0 0.08 0.02 0.08 0.08 0.16 0.06 0.04 0.06 0.2 0.02 0 0.04 0.12 0.06 0.26 0.04 0.18 0.1 0.08 0.04 0 0 0 0.26 0.28 0.2 0.16 0.2 0.32 0.2 0.68 0.02 0 0 0 0 0 0.22 0.06 0.3 0.24 0.26 0 0.02 0.16 0.28 0.14 0.08 0.08 0.14 0.1 0.06 0.44 0.12 0.06 0.12 0.3 0.26 0.22 0.22 0.4 0.06 0 0.28 0.16 0.2 0.22
0.04 0 0.22 0.02 0 0.02 0.06 0.28 0.54 0.08 0.02 0.02 0.14 0.44 0.04 0 0.02 0.02 0.08 0.18 0.06 0.32 0.06 0 0.1 0 0.12 0 0 0 0.14 0.2 0.08 0.24 0.2 0.04 0.08 0 0 0.4 0.06 0.02 0.12 0.36 0.06 0.58 0.32 0.04 0 0.02 0 0 0.06 0.02 0.04 0.1 0.4 0.12 0.24 0.56 0.16 0 0.02 0.04 0.2 0.02 0.68 0.8 0.14 0.18 0.18 0 0 0.56 0.76 0.34 0.34 0.34 0.1 0.14 0.06 0.22 0.14 0.02 0.06 0.2 0.3 0.18 0.1 0.06 0.18 0.08 0.14 0.48 0.04 0.06
0.16 0.02 0 0.08 0 0 0.02 0.04 0.2 0.02 0.02 0.02 0 0.1 0.04 0.04 0.1 0.08 0.08 0.18 0.06 0.16 0.02 0.02 0 0.08 0 0.04 0 0 0 0.04 0.02 0.16 0.04 0.12 0.06 0 0.04 0.32 0.16 0.26 0.18 0 0.04 0.42 0.64 0.46 0 0 0.3 0.16 0.02 0 0.06 0.56 0.16 0.02 0.18 0.36 0.6 0.12 0 0.02 0.14 0.08 0.26 0.08 0.14 0.18 0.12 0.02 0.34 0.74 0.6 0.22 0.04 0.18 0.74 0.32 0.36 0.02 0.16 0.08 0.18 0.04 0 0.2 0.26 0.06 0.08 0.34 0.1 0.04 0.06 0.24
0.36 0.1 0.12 0.14 0.1 0.04 0 0.02 0.06 0.02 0.08 0.12 0.1 0.28 0.66 0.08 0.02 0 0.3 0.06 0.08 0.12 0.02 0 0.02 0.02 0.14 0 0 0 0.02 0.02 0 0 0 0.06 0 0.02 0.18 0.08 0.1 0.1 0.12 0.18 0.04 0.3 0.84 0.22 0 0.06 0.24 0.12 0.04 0.06 0.16 0 0 0.04 0 0.56 0.48 0.28 0.24 0 0.6 0.46 0.94 0.6 0.32 0.24 0.34 0.18 0.14 0.26 0.06 0 0 0.18 0.14 0.44 0.16 0.18 0.12 0.12 0.02 0.06 0.14 0.02 0.1 0.18 0.3 0.22 0.1 0 0 0.06
0.08 0.06 0.04 0.06 0.04 0.02 0 0.06 0.04 0.12 0 0.06 0.1 0.1 0.2 0.02 0.2 0.3 0.58 0.18 0.18 0.12 0.04 0 0 0 0 0 0 0.02 0 0 0.06 0 0 0 0.04 0.1 0.12 0.1 0.14 0.12 0.02 0 0 0 0 0 0.14 0 0.1 0.44 0.1 0 0.04 0 0 0.02 0.04 0.14 0.1 0.24 0.06 0 0.06 0.32 0.2 0.3 0.58 0.3 0.14 0.02 0.08 0.02 0.12 0.18 0 0.08 0.02 0.1 0.02 0.18 0.22 0.2 0.08 0 0.12 0.02 0.12 0.04 0.14 0.56 0.22 0 0 0.02
0.06 0 0.26 0.2 0.22 0.04 0.06 0.12 0 0 0.28 0.04 0.02 0 0.3 0.32 0.02 0.04 0.08 0.08 0.36 0.08 0 0 0 0 0 0 0 0 0 0 0 0.04 0.02 0.02 0.06 0.28 0.16 0.12 0.08 0 0.1 0.04 0 0 0.06 0.08 0.14 0.06 0.14 0.22 0.08 0.16 0.1 0.02 0 0.02 0 0 0.08 0.06 0.04 0.04 0 0.16 0.24 0.48 0.62 0.44 0.2 0 0.02 0 0 0.06 0 0 0 0 0.06 0.04 0.22 0.04 0.04 0.06 0.06 0 0.1 0.1 0.14 0.04 0.04 0.04 0.1 0
0.06 0.22 0.08 0.1 0.34 0.3 0.24 0.24 0.02 0.1 0.1 0.22 0.12 0.18 0.28 0.28 0.08 0.02 0 0.06 0.14 0 0 0 0 0 0 0 0 0 0 0 0.1 0.02 0.2 0.08 0 0.04 0.02 0.24 0.26 0.02 0 0 0.04 0 0.1 0.06 0 0.02 0.04 0 0 0.08 0.06 0.08 0.02 0 0 0 0.04 0.04 0.02 0.1 0 0.02 0.4 0.18 0.3 0.16 0.02 0.16 0.12 0 0 0 0 0 0 0 0 0 0.04 0 0.04 0.06 0 0.02 0.04 0.08 0.48 0.18 0.02 0.08 0 0.14
0.08 0 0 0.04 0.1 0.12 0.08 0.02 0 0 0 0 0.08 0.34 0.38 0.16 0.18 0.08 0.22 0.06 0.06 0 0 0.02 0.04 0.04 0.04 0 0.02 0 0 0.12 0.12 0.08 0.14 0 0.06 0.04 0.02 0.02 0.08 0 0 0.02 0.06 0.02 0 0.02 0.02 0.04 0 0.04 0 0 0 0.06 0 0 0 0 0 0.06 0 0 0 0 0 0.02 0.08 0.02 0.06 0 0 0 0 0 0 0.08 0.16 0 0.02 0 0 0 0.04 0 0 0.02 0.04 0.02 0.12 0.18 0.14 0.12 0.08 0.02
0.02 0.14 0 0.04 0.62 0.2 0.02 0.02 0 0 0 0 0.14 0.04 0.1 0.02 0.16 0.12 0.4 0.18 0.26 0 0.02 0 0 0.38 0.04 0 0 0 0 0 0.12 0.08 0.18 0 0 0.1 0.02 0.08 0 0.02 0 0 0 0 0 0 0 0 0 0 0.02 0 0.04 0.3 0.02 0 0 0.02 0 0.18 0.02 0 0 0 0 0.02 0.02 0.02 0 0.02 0.12 0 0 0.06 0 0 0.08 0.04 0.04 0 0 0.14 0 0 0.04 0 0 0 0 0 0.1 0 0.04 0.02
0.14 0.06 0.04 0.18 0.24 0.16 0.12 0 0 0 0 0 0 0.18 0.1 0.28 0.04 0.26 0.22 0.08 0.26 0.1 0.08 0 0.08 0.02 0.02 0 0 0 0 0.12 0.08 0.18 0.2 0 0 0.02 0.02 0.1 0.02 0 0 0 0.04 0 0.02 0 0 0 0 0 0.02 0 0 0.08 0.04 0 0.04 0 0.04 0.08 0.08 0.34 0 0.04 0.28 0.04 0.02 0 0.36 0.06 0.06 0.14 0.12 0.3 0.22 0.1 0 0 0 0 0 0.22 0.12 0 0 0.06 0 0 0 0.1 0.18 0.06 0.04 0
0.14 0.02 0.04 0.04 0.06 0.02 0.28 0.06 0.06 0.08 0.34 0.08 0.02 0.16 0.16 0.06 0.18 0.26 0 0.06 0.08 0.02 0.12 0.02 0 0 0 0 0 0.02 0 0.02 0.12 0 0 0 0 0.02 0.04 0.04 0 0 0.02 0.02 0.08 0 0 0.02 0.02 0 0 0.04 0.02 0.02 0.12 0.58 0.02 0.04 0.12 0.02 0.04 0.16 0.04 0.12 0 0.04 0.14 0 0.04 0 0.12 0.26 0.26 0.06 0.16 0.28 0.18 0.04 0 0.04 0 0 0 0.04 0 0 0.06 0 0 0.02 0 0.08 0.06 0.02 0.04 0.02
0.28 0.18 0.04 0.16 0.1 0.08 0 0 0.18 0.08 0.3 0.12 0.14 0.44 0.58 0.08 0.04 0.32 0.52 0.04 0.02 0.18 0.02 0 0.02 0 0 0 0 0 0 0.08 0.28 0.18 0.16 0 0 0 0.02 0.24 0.04 0 0 0.08 0.12 0 0 0.04 0.02 0 0 0 0 0.04 0.1 0.2 0.04 0.06 0.04 0 0 0 0 0 0.1 0 0.08 0.02 0.04 0.1 0 0.1 0.18 0.08 0.48 0.36 0 0 0 0 0 0 0 0 0 0 0.04 0.16 0 0 0 0.02 0 0.02 0.02 0.02
0.4 0 0 0 0.18 0.16 0.08 0 0.08 0.08 0.1 0.3 0.08 0.02 0.08 0.14 0.02 0.36 0.36 0.3 0.1 0.02 0.04 0 0 0 0 0.02 0 0.04 0.06 0 0.06 0.24 0.1 0.04 0 0 0 0.02 0.14 0.06 0.1 0.1 0 0.04 0 0 0 0 0.02 0 0 0 0 0 0 0.1 0.12 0 0.06 0 0 0 0 0 0.04 0.1 0.08 0.08 0.06 0.2 0.06 0.3 0.04 0.04 0.02 0 0 0.02 0.02 0 0 0 0 0.12 0 0 0.24 0.02 0 0 0 0 0 0.02
0.08 0.04 0 0.04 0.2 0.22 0.08 0 0.14 0.62 0.08 0.02 0.12 0.28 0.08 0.02 0.1 0.2 0.56 0.2 0.12 0.16 0.02 0 0 0.04 0 0 0.08 0 0.1 0 0.06 0 0.02 0 0.04 0.04 0 0 0.04 0.04 0.04 0.02 0 0 0.02 0 0 0 0 0.04 0.02 0 0.3 0.36 0.08 0.08 0.36 0.06 0.1 0.08 0 0 0.02 0 0 0.02 0.14 0.22 0.12 0.02 0.12 0.06 0 0 0 0 0 0 0 0.04 0.06 0 0 0.08 0 0 0.02 0.16 0 0 0 0 0 0.12
0.08 0 0 0.04 0.2 0.16 0.1 0.08 0.02 0.16 0.16 0.18 0.08 0.16 0.16 0.22 0.08 0.1 0.08 0.12 0.42 0.46 0.1 0.08 0 0.06 0.1 0 0.1 0.02 0 0.02 0 0.12 0.02 0 0.04 0 0 0 0.02 0.02 0 0 0 0.04 0.02 0.22 0.13 0 0.04 0.02 0 0 0.04 0.26 0.4 0.22 0.36 0.04 0.26 0.08 0.02 0.02 0.06 0.04 0.02 0.16 0.08 0.08 0.06 0.04 0 0 0 0 0 0 0.02 0.02 0.02 0.18 0.08 0.14 0.16 0.04 0.2 0.08 0.04 0.04 0.1 0.1 0 0 0 0
0 0.02 0 0.06 0.52 0 0.14 0.2 0.14 0.16 0.06 0.4 0.02 0 0.06 0.26 0.04 0.04 0.22 0.14 0.1 0.02 0.6 0.06 0.14 0.26 0.02 0 0 0 0 0 0 0.04 0 0 0 0 0.02 0.02 0.18 0 0 0.02 0 0.04 0.06 0.08 0.06 0 0 0 0 0.02 0 0.02 0.16 0.25 0.36 0.14 0.34 0.2 0.07 0.26 0.3 0 0 0 0.04 0 0.02 0.02 0.02 0.04 0.02 0.06 0.08 0.1 0.14 0.1 0 0 0.04 0.1 0 0.12 0.16 0 0.06 0 0 0.02 0.12 0 0 0
0.16 0.04 0.18 0.24 0.38 0.02 0.42 0.5 0.16 0.06 0.3 0.64 0 0 0.04 0.12 0.02 0.26 0.34 0.16 0.06 0.06 0.24 0.18 0.12 0 0 0 0.06 0 0 0 0 0.06 0.06 0.02 0 0 0.04 0 0.06 0 0 0 0 0.1 0 0 0 0 0 0 0 0.04 0 0 0 0.18 0.25 0.22 0.16 0 0.11 0 0.06 0 0 0.02 0.02 0 0 0.06 0.02 0.04 0.04 0.04 0 0 0.02 0 0 0.12 0.12 0.22 0.06 0.22 0.22 0 0 0 0 0 0 0.08 0 0
0.04 0.2 0.06 0.4 0.62 0 0.12 0.18 0.7 0.26 0.74 0.22 0 0 0.16 0.2 0 0 0.04 0 0.22 0.06 0.2 0.06 0 0 0 0 0.02 0.02 0 0 0.04 0 0.04 0 0 0 0.04 0.1 0.24 0 0.02 0.02 0 0 0.12 0 0 0 0 0.08 0 0 0.08 0.14 0 0.06 0.12 0.29 0.3 0.32 0.14 0 0.1 0.04 0.02 0.02 0.12 0.04 0.06 0.04 0 0 0 0 0.02 0 0.04 0.04 0 0 0.2 0.4 0.18 0.04 0.12 0.04 0.02 0 0 0.02 0 0 0 0
0.02 0.24 0.74 1.2 1.42 0.42 0.26 0.34 0.28 0.28 0.54 0.04 0 0.08 0.74 0.38 0.04 0 0.02 0.14 0.14 0.32 0.04 0 0.04 0 0 0 0 0.1 0.02 0 0.04 0 0 0.04 0.04 0.04 0 0.06 0 0 0.04 0.04 0.12 0.08 0.02 0 0 0 0.12 0.14 0.02 0.04 0.1 0.04 0.04 0.02 0.07 0.2 0 0.02 0.2 0.12 0.12 0.06 0 0.02 0.02 0.02 0.02 0 0 0 0 0 0 0.02 0.02 0.02 0.06 0 0 0.16 0.08 0.16 0.12 0.04 0 0.02 0 0 0.04 0 0 0
0.04 0.1 0.6 1.22 0.94 0.58 0.06 0.2 0.38 0.6 0.14 0 0 0.1 0.04 0.66 0.04 0.06 0.06 0.06 0.24 0.06 0.12 0.06 0.02 0 0.02 0 0 0.02 0 0 0.02 0.02 0 0 0.06 0 0.08 0 0 0.06 0.02 0 0.06 0 0 0.04 0.16 0.24 0 0.02 0 0 0.06 0.06 0.14 0.1 0.07 0.04 0.02 0 0.08 0.26 0.42 0.34 0.22 0.02 0.02 0.04 0.1 0.08 0 0.04 0 0 0.04 0 0 0 0.08 0.06 0.16 0.24 0.3 0.06 0.22 0.24 0.06 0 0 0.1 0.04 0.02 0 0
0.1 0.2 0.18 0.86 0.36 0.3 0.08 0.12 0.4 0.22 0.14 0.04 0.02 0 0 0.2 0 0.06 0.04 0.02 0.1 0 0 0 0 0 0 0 0.02 0.02 0 0 0 0 0 0 0 0.1 0.04 0 0 0 0 0.1 0.06 0.1 0.08 0.02 0.18 0.28 0.04 0.1 0.12 0 0.04 0.08 0.1 0.24 0.31 0.12 0.1 0.16 0.1 0.06 0.12 0.08 0 0 0.02 0 0 0.02 0 0 0.04 0.04 0.08 0 0 0 0.06 0.02 0.04 0.14 0.06 0.16 0.1 0.24 0.48 0.06 0.08 0 0.02 0.02 0.02 0
0.44 0.24 0.08 0.04 0.52 0.16 0.36 0.3 0.3 0.2 0.66 0.78 0.1 0.02 0.06 0.2 0.08 0.08 0.04 0.04 0.08 0 0.02 0 0 0.02 0 0 0 0.06 0.04 0 0.04 0.04 0 0.06 0.16 0.18 0.04 0 0 0 0.1 0.06 0.14 0.16 0 0 0.2 0.16 0.06 0 0 0.12 0.02 0.36 0.34 0.04 0.03 0.09 0.06 0.16 0.14 0.02 0.18 0.06 0.06 0.2 0 0 0 0.04 0 0.06 0 0.06 0.12 0.16 0.2 0.78 0.66 0.48 0.34 0.1 0.12 0.24 0.2 0.3 0.34 0.24 0.06 0.02 0 0 0 0
0.08 0.06 0.2 0.1 0.04 0.14 0.3 0.04 0.3 0.14 0.08 0.08 0.02 0.04 0 0.12 0.02 0.18 0.16 0.06 0.06 0.24 0.02 0.02 0.02 0.06 0 0 0 0 0 0.06 0.02 0 0.02 0.12 0.02 0.04 0.1 0 0 0 0 0 0.06 0.08 0 0 0.08 0.1 0.08 0.06 0.22 0.02 0.04 0.12 0.7 0.18 0.18 0.06 0.08 0.06 0.08 0.14 0.12 0 0.02 0.02 0 0 0.02 0 0.08 0.06 0.12 0.54 0.12 0.14 0.12 0.36 0.28 0.54 0.48 0.52 0.22 0.28 0.12 0.23 0.34 0.42 0.28 0.04 0 0 0 0
0.36 0.18 0.02 0.06 0 0.14 0.02 0.04 0.1 0.32 0.36 0 0.02 0.04 0 0.02 0.12 0 0.2 0.18 0.04 0.2 0 0.2 0.14 0.02 0.04 0.02 0 0 0.06 0 0 0.02 0.14 0 0 0.06 0.12 0 0 0 0.04 0 0 0 0 0 0 0 0 0.06 0.08 0.14 0 0.2 1.06 0.4 0.26 0.04 0.06 0.02 0.12 0.04 0.18 0.18 0.1 0.06 0.06 0.02 0.02 0 0.1 0.36 0.54 0.39 0.32 0.04 0 0.27 0.08 0.1 0.36 0.2 0.28 0.34 0.2 1.1 0.42 0.16 1.1 0.28 0.14 0.02 0.1 0.04
0.3 0.04 0 0.02 0 0.04 0.16 0.16 0.8 0.44 0.32 0 0.02 0.04 0.1 0 0.04 0.02 0.04 0.08 0.14 0.38 0.26 0.16 0.08 0.18 0.06 0.22 0.04 0 0 0.02 0.06 0.52 0.14 0.02 0 0.14 0.2 0 0 0 0.04 0.02 0.04 0 0.02 0.02 0 0 0 0.04 0 0.06 0.02 0.06 1.02 1.12 0.28 0.28 0.1 0 0.06 0.12 0.1 0.2 0.12 0.2 0.56 0.48 0.3 0.02 0.08 0.5 0.79 0.14 0.18 0 0.14 0 0.06 0 0.06 0.06 0.32 0.26 0.42 0.36 0.59 0.12 0.34 0.56 0.32 0.28 0.1 0.06
0.04 0.46 0.46 0.12 0.1 0.34 0.3 0.36 0.16 0.28 0.1 0 0.06 0.16 0.4 0.16 0.06 0.1 0.08 0.12 0.08 0.1 0.14 0.02 0.06 0.08 0.34 0.28 0.02 0.12 0.02 0.16 0.54 0.22 0.02 0 0 0.12 0.1 0 0 0.1 0.16 0 0 0 0 0.02 0 0 0.12 0.08 0.1 0.02 0.04 0.16 0.82 0.42 0.62 0.48 0.32 0.14 0.26 0.12 0.2 0.14 0.04 0.06 0.16 0.14 0.22 0.18 0.24 0.3 0.36 0.34 0.02 0.02 0.3 0.06 0.06 0.04 0 0.02 0.14 0.39 0.34 0 0.3 0.48 0.16 0 0.28 0.16 0.12 0.14
0.18 0.58 0.42 0.28 0.06 0.16 0.24 0.1 0.08 0.04 0.32 0.18 0.08 0 0.38 0.98 0.74 0.2 0.06 0.1 0.14 0.08 0.28 0.04 0.1 0.16 0.24 0.14 0.02 0.18 0 0.26 0.12 0 0 0.02 0.08 0.08 0.08 0 0 0.06 0.04 0.02 0.3 0 0.08 0.04 0 0 0.06 0.12 0.12 0.02 0 0.16 0.34 1.24 0.92 0.52 0.3 0.12 0.24 0.1 0.14 0 0 0.02 0.02 0.14 0.04 0.2 0.22 0.3 0.36 0.5 0.12 0 0.02 0.04 0.08 0.08 0 0.04 0.1 0.14 0.08 0.02 0.16 0.06 0.18 0.1 0.06 0.25 0.1 0.26
0.5 0.68 0.3 0.28 0.18 0.46 0.18 0.06 0.06 0.18 0.06 0.08 0.04 0 0.38 0.98 0.54 0.14 0.2 0.24 0.44 0.16 0.12 0 0.14 0.34 0.12 0 0.1 0.12 0.18 0.2 0 0 0 0 0 0 0.04 0 0 0.02 0.14 0.16 0.24 0.04 0.48 0.24 0.1 0.02 0.1 0.1 0.06 0.06 0.04 0.1 0.08 0.76 0.92 1.06 0.1 0.06 0.04 0.02 0 0.04 0.34 0.24 0.04 0.06 0.1 0.5 0.48 0.28 0.37 0.18 0.08 0.24 0 0.08 0.02 0.18 0.02 0 0.02 0 0 0.02 0.24 0.17 0.08 0.1 0.1 0.13 0.34 0.02
0.2 0.18 0.04 0.06 0.2 0.26 0.04 0 0.1 0.04 0.1 0 0 0.02 0.32 0.34 0.08 0.4 0.18 0.24 0.04 0.02 0.1 0.02 0.22 0.34 0.02 0 0.28 0.2 0.08 0.06 0.02 0.02 0 0 0 0.04 0.06 0.02 0.08 0.02 0 0.1 0.24 0.25 0.02 0.06 0.08 0.4 0.14 0.02 0 0.02 0.08 0.22 0.04 0.12 0.16 0.22 0.32 0 0.02 0.04 0.18 0.04 0.3 0.14 0.3 0.28 0.1 0.36 0.33 0.04 0.1 0.02 0 0 0 0 0 0.18 0.06 0.02 0.02 0.02 0.02 0.42 0.04 0 0.02 0.02 0.12 0 0.2 0.1
0.06 0.12 0.1 0.4 0.44 0.04 0.02 0.04 0.32 0.1 0 0 0.02 0.14 0.64 0.46 0.24 0.22 0.26 0.64 0.08 0.02 0 0 0.08 0.16 0 0 0 0 0.23 0.02 0 0.04 0.02 0 0 0 0.02 0.02 0.06 0 0 0.16 0.26 0.18 0.06 0.02 0.02 0.22 0.18 0 0.02 0 0.06 0.08 0.02 0 0.24 0.6 0.36 0.24 0.12 0.04 0.14 0.2 0.38 0.22 0.16 0.14 0.38 0.14 0.42 0.02 0 0 0 0 0.12 0 0 0.53 0.2 0 0 0 0 0.02 0.16 0.04 0 0.02 0.04 0 0.14 0.5
0.92 0.7 1.12 0.22 0.1 0.04 0 0.1 0.08 0.18 0.04 0 0.08 0.3 0.42 0.24 0.1 0.14 0.14 0.3 0.18 0.3 0.1 0.08 0.06 0.08 0 0 0 0.02 0.34 0.18 0.14 0.08 0.08 0 0 0.06 0.04 0.04 0.32 0.74 0.34 0.24 0.16 0.26 0.08 0.04 0.16 0.04 0.22 0.3 0.12 0.02 0.08 0 0.02 0 0.12 0.18 0.14 0 0.02 0.02 0.18 0.02 0.12 0.24 0.18 0.1 0.14 0.08 0.2 0.04 0 0.04 0.02 0 0.02 0.04 0.2 0.6 0.2 0.14 0.04 0 0 0.02 0.04 0 0.02 0.02 0 0.04 0.04 0.3
0.7 0.46 0.56 0.28 0.12 0.02 0 0.02 0.1 0.16 0.12 0.07 0.14 0.16 0.08 0.14 0.32 0.28 0.12 0.18 0.2 0.3 0.14 0.04 0.28 0.06 0.04 0.02 0.02 0 0.18 0.18 0.1 0.14 0 0 0.04 0.02 0.64 0.22 0.28 0.24 0.18 0.1 0.08 0.08 0.04 0.06 0 0.08 0.02 0.1 0.18 0.16 0.02 0.06 0.02 0 0 0.02 0.12 0 0.02 0.06 0.18 0 0.02 0.18 0.14 0.02 0.15 0.03 0.04 0.08 0 0 0 0 0 0.36 0.44 0.18 0.32 0.42 0.06 0.04 0.04 0 0.04 0.04 0 0 0.08 0.04 0 0
0.18 0.32 0.14 0.06 0 0 0 0 0.02 0.05 0.14 0.12 0.02 0.02 0.06 0.12 0.24 0.08 0.2 0.2 0.12 0.06 0.1 0.14 0.42 0.36 0.06 0.12 0 0 0.08 0.18 0.06 0.04 0.12 0.02 0.1 0.06 0.38 0.14 0.44 0.32 0 0 0.12 0.08 0.06 0.06 0.08 0.06 0 0.04 0.04 0.06 0.3 0.16 0.16 0.02 0.54 0.16 0.18 0.08 0.1 0.22 0.3 0.48 0.32 0.44 0.46 0.58 0.08 0 0 0.02 0 0.02 0 0.14 0.04 0.1 0.53 0 0.12 0.25 0.04 0 0 0 0.02 0.04 0.06 0 0.02 0.08 0.12 0.06
0 0.1 0.04 0 0.02 0 0 0.02 0.08 0.04 0 0.06 0 0.22 0.02 0.32 0.06 0.02 0.12 0.18 0.12 0 0.04 0.14 0.68 0.36 0.04 0.02 0.04 0.04 0.2 0.14 0.14 0.06 0.18 0.04 0.1 0 0.38 0.12 0.14 0.08 0.04 0 0.14 0.04 0.02 0.04 0 0 0 0.18 0 0.06 0 0.14 0.1 0.09 0.02 0.02 0.3 0.1 0.16 0.48 0.18 0.14 0.74 0.52 0.26 0.18 0.57 0.04 0 0.02 0.08 0 0 0.1 0.34 0.28 0 0 0.17 0.2 0 0.04 0.16 0.08 0 0 0.11 0.08 0 0.02 0.02 0.04
0.24 0.04 0.38 0.3 0.36 0.1 0.04 0.29 0.15 0.14 0.02 0.06 0 0.06 0.22 0.22 0.06 0.2 0.16 0.18 0.18 0 0.02 0.12 0.14 0.14 0.06 0.02 0.02 0 0.34 0.12 0.3 0.16 0.06 0 0.04 0.22 0.24 0.02 0.3 0.06 0 0.06 0.02 0.1 0.02 0.04 0 0 0.06 0.1 0.02 0 0 0 0 0.12 0.04 0.04 0.1 0.13 0.02 0.06 0.08 0.82 0.64 0 0 0.1 0.23 0.09 0 0 0.04 0.04 0.02 0 0.32 0 0 0 0.32 0 0.02 0.24 0.75 0.06 0.02 0 0 0.08 0 0 0 0.08
0.2 0.3 0.76 0.42 0.34 0.14 0.08 0.02 0.1 0.02 0.14 0.02 0.06 0 0.06 0.1 0.02 0.22 0.02 0 0 0 0 0.04 0 0 0 0.12 0.04 0.14 0.12 0.4 0.4 0.38 0.16 0.26 0.12 0.1 0.02 0 0.28 0.1 0 0.02 0.04 0.08 0.12 0.02 0.02 0 0 0.06 0.06 0 0.02 0 0.4 0.58 0.12 0.49 0.28 0.14 0.15 0 0.18 0.4 0.11 0.04 0.02 0.09 0.2 0.15 0 0 0 0 0 0.02 0.24 0 0.02 0.04 0.1 0 0 0 0.22 0.02 0.1 0.12 0.06 0.02 0.18 0 0 0
0.1 0.66 1 0.28 0 0.02 0.05 0.17 0.2 0.07 0.14 0.08 0.08 0.16 0 0.06 0.06 0.02 0.04 0.02 0.02 0 0 0.5 0 0.12 0.08 0 0.02 0.04 0.04 0.18 0.26 0.28 0.32 0.04 0 0 0 0.08 0.04 0.06 0 0 0.02 0.14 0.26 0 0.02 0 0 0 0.02 0.02 0.04 0.56 0.7 0.22 0.05 0.5 0.9 0.16 0.02 0 0.26 0.52 0.06 0 0 0 0.06 0.29 0.1 0.09 0 0.04 0 0.06 0.22 0.08 0.02 0 0 0 0 0 0.01 0.03 0.06 0.06 0.61 0.15 0.54 0.3 0.04 0.08
0.08 0.08 0.2 0.04 0 0 0.06 0.02 0.24 0 0.16 0.1 0 0 0 0.04 0.08 0.06 0.04 0.02 0.36 0.46 0.04 0 0.04 0 0 0.02 0.56 0.16 0.14 0.66 0.3 0.12 0.02 0.04 0 0 0 0.02 0.02 0 0.06 0.02 0.02 0.26 0.14 0 0 0.08 0 0 0.02 0.02 0.04 0.66 0 0.11 0.12 0.03 0.19 0.06 0 0 0.32 0.12 0 0 0 0.02 0.02 0.43 0.03 0.05 0 0 0 0.08 0.02 0 0 0 0 0 0 0 0 0.02 0 0 0 0.48 1.06 0.68 0.19 0.1
0.02 0.06 0 0 0 0 0.02 0 0.06 0.04 0.16 0.1 0.08 0.08 0.04 0.02 0.12 0.24 0.14 0.02 0 0.06 0 0 0 0 0 0.06 0.3 0.14 0.18 0.28 0.08 0.08 0 0 0 0.04 0 0.02 0.02 0.04 0 0 0.1 0.34 0.16 0.12 0 0 0 0 0.02 0.12 0.06 0.07 0.02 0.08 0 0 0.14 0.04 0 0.02 0.1 0.06 0 0 0 0 0.04 0.28 0 0 0 0 0 0.02 0.06 0 0 0 0 0 0 0 0 0 0 0 0 0.14 0.34 0.64 0.9 0.28
0.06 0.14 0 0 0.02 0.06 0 0 0 0 0 0 0 0.04 0.08 0.22 0.06 0.06 0.28 0.16 0 0 0 0 0 0.04 0 0.04 0.02 0 0.02 0.02 0.02 0.06 0.04 0 0 0 0 0 0 0.02 0 0 0.02 0.18 0.16 0 0.04 0.04 0 0.1 0.02 0.02 0.16 0.14 0 0 0 0 0 0 0.04 0 0 0.01 0 0 0 0 0 0.06 0 0 0 0.02 0 0 0.02 0 0 0 0 0 0 0 0 0 0.06 0 0 0.08 0.12 0.28 0.66 0.57
0.04 0.14 0 0 0.04 0.02 0 0.02 0 0.02 0 0.04 0.02 0.16 0.12 0 0 0 0.2 0.02 0.34 0 0 0.02 0 0 0.02 0.1 0 0 0 0.1 0.02 0 0.08 0 0 0 0.02 0 0 0 0 0 0.14 0.26 0.12 0.02 0 0 0 0.02 0.1 0.09 0.49 0 0 0 0.02 0.02 0 0.04 0 0 0 0 0 0 0 0 0 0.02 0 0 0 0 0 0 0.06 0.08 0 0 0 0 0 0 0 0 0 0 0 0.02 0.06 0.17 1.04 0.18
0.78 0.24 0 0.02 0.08 0 0.06 0 0 0 0 0.08 0.1 0.22 0.04 0.02 0.02 0.02 0.08 0 0 0 0 0.04 0.04 0 0.1 0 0 0.06 0.08 0 0.12 0.1 0 0.04 0 0 0.04 0.02 0.02 0.04 0.24 0.24 0.04 0.12 0.1 0.04 0 0.02 0 0.02 0.08 0.17 0.04 0 0 0 0 0 0 0 0.06 0 0 0 0 0 0 0 0.04 0.05 0 0 0 0 0 0 0.03 0 0 0 0 0 0 0 0 0 0 0 0 0 0.18 0.63 0.72 0.04
0.02 0 0 0.02 0 0 0 0.02 0 0.04 0.16 0.02 0.06 0.04 0.1 0 0 0.06 0.04 0.02 0.02 0.1 0 0.02 0.02 0 0 0 0.04 0.1 0.14 0 0.04 0.04 0 0 0.06 0.06 0 0 0 0.1 0.26 0 0.02 0.04 0.2 0.02 0 0 0 0 0 0.08 0 0 0 0 0 0 0 0 0.02 0 0 0 0 0.02 0 0 0.1 0.03 0 0 0 0 0 0 0.02 0 0 0 0 0.06 0.02 0 0 0.02 0 0 0 0 0.01 0 0.17 0.06
0.02 0 0 0.02 0 0.02 0 0 0.06 0.08 0.04 0.04 0 0 0 0 0 0 0 0 0.06 0.04 0 0.04 0.32 0 0.08 0.04 0.34 0.08 0.08 0.12 0 0 0 0 0 0 0.02 0 0.02 0.02 0.12 0 0 0.02 0.04 0.1 0 0 0 0 0.14 0 0 0 0 0.02 0 0 0.04 0 0 0.02 0 0 0 0 0.02 0.24 0.04 0.02 0 0 0 0 0.01 0 0 0 0 0 0 0 0 0 0 0 0 0 0.02 0.02 0 0 0.06 0.67
0.04 0 0 0.02 0.06 0 0 0 0.12 0.02 0.08 0.06 0 0 0 0.02 0.08 0.12 0.06 0 0 0.02 0 0.12 0.02 0.02 0.08 0.06 0.08 0.06 0.1 0.02 0.12 0.08 0.08 0.02 0.02 0 0 0.04 0 0 0 0 0 0.02 0 0.02 0 0 0 0 0.04 0 0 0 0 0 0 0 0 0 0.02 0.1 0.05 0.04 0 0 0.2 0 0.02 0.1 0 0 0 0 0 0 0 0 0 0 0 0 0 0 0 0 0 0 0 0 0 0 0 0.1
0.56 0 0 0 0 0.04 0.02 0 0.16 0.08 0.04 0 0.22 0.1 0 0.24 0.24 0.08 0.04 0.02 0 0.06 0 0 0 0.02 0.14 0.06 0.06 0.12 0.06 0.08 0.06 0.28 0.24 0.06 0 0.06 0 0.1 0.02 0 0.02 0.02 0 0 0 0.06 0.02 0 0 0 0 0 0 0 0 0.02 0 0 0.1 0.26 0.21 0.29 0.58 0.44 0.18 0.02 0.3 0 0 0.04 0 0 0 0 0 0 0 0 0 0 0 0 0 0 0 0 0 0 0 0 0 0 0 0
0.32 0 0 0 0.02 0 0.06 0.04 0.12 0.06 0 0 0.08 0.14 0.06 0 0.2 0.08 0.02 0 0.03 0.12 0.06 0.14 0.08 0.04 0.08 0.02 0 0 0.12 0.08 0.02 0.1 0.48 0.46 0.14 0 0 0.02 0.04 0.02 0 0 0 0 0.1 0 0 0.04 0 0 0 0 0 0 0 0 0 0.06 0.1 0.24 0.02 0 0.02 0 0 0 0 0 0 0.01 0 0 0 0 0 0 0 0 0 0 0 0 0.01 0.02 0.08 0.04 0 0 0 0 0 0 0 0
0.56 0 0 0 0.04 0 0.04 0.04 0 0.02 0 0 0 0 0.04 0.08 0.02 0.02 0 0.02 0 0.02 0.04 0.24 0.08 0.08 0 0 0.04 0 0 0 0.02 0.28 0.06 0.3 0.14 0 0.02 0 0 0 0.02 0 0 0.04 0.02 0 0 0 0 0 0 0 0 0 0 0 0 0.04 0 0 0 0 0 0 0 0 0 0 0 0 0 0 0 0 0 0 0 0 0 0 0 0 0 0 0 0 0 0 0.05 0.04 0 0.05 0.01 0
0.06 0.02 0.06 0.06 0 0 0 0.02 0 0.04 0 0 0 0.1 0.02 0 0 0 0 0.08 0.22 0.04 0.12 0.06 0.04 0.02 0.02 0.02 0.1 0.08 0.02 0.02 0.06 0.04 0 0 0.02 0.02 0 0 0.16 0.08 0.02 0 0.04 0 0 0 0 0 0 0 0 0 0.02 0.04 0.06 0 0.1 0.12 0 0 0 0 0 0 0 0 0 0 0 0 0 0 0 0 0 0 0 0 0 0 0 0 0 0 0 0.02 0 0 0.04 0.25 0.44 0.04 0 0
0.08 0 0.1 0.06 0 0 0 0 0 0.04 0 0.02 0 0.02 0 0 0 0.06 0 0.6 0.56 0.14 0.02 0 0.06 0.04 0.06 0.06 0.04 0.12 0.08 0.06 0.1 0.08 0.02 0 0.02 0.04 0 0 0 0 0 0 0.02 0.04 0 0 0.02 0 0 0 0 0 0 0.04 0.14 0 0.02 0 0 0 0 0 0.02 0 0 0 0 0 0 0 0 0 0 0 0 0 0 0 0 0 0 0 0 0 0.02 0 0 0 0 0 0.02 0 0 0
0.26 0 0 0 0.1 0 0 0.04 0.02 0 0 0 0.06 0 0 0.02 0 0.02 0 0.58 0.64 0.38 1.2 0.04 0.08 0.08 0.24 0.12 0.12 0.06 0.22 0.02 0 0.02 0.02 0 0 0.02 0 0 0.06 0.04 0 0 0 0 0.02 0 0 0 0 0 0 0 0 0.02 0 0 0 0 0 0.02 0 0 0.04 0 0 0 0 0 0 0.01 0 0 0 0 0 0 0 0.06 0.04 0 0 0 0.02 0.02 0.07 0 0.24 0.02 0 0 0 0 0 0.03
0.32 0.1 0 0 0 0.02 0 0 0 0.12 0.02 0.02 0 0 0 0 0.04 0 0 0.16 0.36 0.44 0.28 0.1 0.1 0 0 0.12 0.08 0.18 0.54 0.04 0 0.14 0.1 0 0 0 0.02 0 0 0 0 0 0 0 0 0 0 0 0 0 0 0 0 0 0.02 0 0 0.02 0.04 0.02 0 0 0 0 0 0 0.02 0.22 0.2 0.01 0 0 0 0 0 0 0 0.02 0 0 0 0 0.02 0.04 0.08 0.06 0.02 0 0 0.02 0.04 0 0 0
0.56 0.02 0 0 0 0 0 0.02 0 0 0.02 0 0.02 0.02 0 0 0 0.06 0 0.02 0.1 0.16 0.08 0.06 0.02 0.02 0 0.02 0.24 0.4 0.7 0 0.04 0 0.04 0.02 0 0 0.02 0 0 0 0 0.04 0.02 0 0.08 0 0 0 0 0 0 0 0 0 0.1 0.06 0 0.04 0 0.14 0.02 0 0 0 0.04 0 0.05 0.63 0.1 0.02 0 0.04 0 0 0 0 0 0 0 0 0 0.04 0 0 0.02 0.05 0.12 0 0 0 0.04 0 0 0.02
